0.000360,0
0.012364,2
0.013364,3
0.014368,3
0.015368,3
0.016368,3
0.017368,3
0.018360,4
0.019364,4
0.020364,4
0.021364,4
0.022364,5
0.023364,5
0.024368,5
0.025368,5
0.026368,6
0.027368,6
0.028364,6
0.029368,6
0.030364,7
0.031364,7
0.032364,7
0.033368,7
0.034364,8
0.035368,8
0.036368,8
0.037368,8
0.038368,8
0.039364,9
0.040368,9
0.041368,9
0.042364,9
0.043368,10
0.044368,10
0.045368,10
0.046372,10
0.047372,11
0.048368,11
0.049368,11
0.050368,11
0.051368,12
0.052368,12
0.057368,13
0.058368,13
0.059372,13
0.060372,14
0.061368,14
0.062368,14
0.063372,14
0.064368,15
0.065368,15
0.066368,15
0.067372,15
0.068368,15
0.069376,15
0.070372,15
0.071372,15
0.072372,15
0.073376,15
0.074372,15
0.075372,15
0.076372,15
0.077376,15
0.078372,15
0.079376,15
0.080372,15
0.081376,0
0.082376,0
0.083372,0
0.084372,0
0.085372,0
0.086372,0
0.087376,0
0.088380,0
0.089380,0
0.090372,0
0.091376,0
0.092372,0
0.093372,0
0.094376,0
0.095376,0
0.096376,0
0.097376,0
0.103376,2
0.104380,2
0.105376,2
0.106376,3
0.107380,3
0.108376,3
0.109380,3
0.110380,3
0.111380,4
0.112376,4
0.113380,4
0.114376,4
0.115376,5
0.116380,5
0.117376,5
0.118380,6
0.119380,6
0.120380,6
0.121376,6
0.122380,6
0.123380,7
0.124380,7
0.125380,7
0.126380,7
0.127384,8
0.128380,8
0.129384,8
0.130380,8
0.131384,8
0.132388,9
0.133384,9
0.134384,9
0.135384,9
0.136384,10
0.137380,10
0.138380,10
0.139380,10
0.140380,11
0.141384,11
0.142384,11
0.143384,11
0.144384,12
0.150384,13
0.151380,13
0.152384,14
0.153384,14
0.154384,14
0.155384,14
0.156384,14
0.157388,15
0.158388,15
0.159388,15
0.160384,15
0.161384,15
0.162384,15
0.163384,15
0.164388,15
0.165384,15
0.166388,15
0.167388,15
0.168384,15
0.169388,15
0.170384,15
0.171384,15
0.172388,15
0.173384,15
0.174392,0
0.175396,0
0.176388,0
0.177388,0
0.178388,0
0.179384,0
0.180392,0
0.181392,0
0.182388,0
0.183392,0
0.184388,0
0.185388,0
0.186388,0
0.187388,0
0.188388,0
0.189392,0
0.190392,0
0.196392,2
0.197392,2
0.198388,3
0.199392,3
0.200392,3
0.201392,3
0.202392,3
0.203392,3
0.204392,4
0.205396,4
0.206392,4
0.207396,4
0.208392,5
0.209392,5
0.210392,5
0.211392,6
0.212392,6
0.213396,6
0.214392,6
0.215396,7
0.216392,7
0.217404,7
0.218392,7
0.219396,8
0.220392,8
0.221396,8
0.222396,8
0.223396,8
0.224392,8
0.225396,9
0.226396,9
0.227396,9
0.228396,9
0.229392,10
0.230396,10
0.231396,10
0.232400,11
0.233396,11
0.234396,11
0.235396,11
0.236396,12
0.237400,12
0.243396,13
0.244400,13
0.245400,14
0.246396,14
0.247396,14
0.248396,14
0.249396,15
0.250396,15
0.251396,15
0.252400,15
0.253396,15
0.254400,15
0.255400,15
0.256400,15
0.257396,15
0.258400,15
0.259400,15
0.260408,15
0.261400,15
0.262404,15
0.263400,15
0.264400,15
0.265400,15
0.266400,0
0.267400,0
0.268404,0
0.269404,0
0.270404,0
0.271404,0
0.272400,0
0.273400,0
0.274404,0
0.275400,0
0.276400,0
0.277404,0
0.278404,0
0.279404,0
0.280404,0
0.281400,0
0.282404,0
0.288404,2
0.289404,2
0.290404,2
0.291404,3
0.292404,3
0.293404,3
0.294408,3
0.295408,3
0.296404,4
0.297404,4
0.298404,4
0.299408,4
0.300404,5
0.301408,5
0.302408,5
0.303416,5
0.304404,6
0.305404,6
0.306404,6
0.307404,6
0.308408,7
0.309408,7
0.310404,7
0.311408,7
0.312408,8
0.313408,8
0.314408,8
0.315404,8
0.316408,8
0.317412,9
0.318408,9
0.319408,9
0.320408,9
0.321408,10
0.322408,10
0.323408,10
0.324412,10
0.325412,11
0.326412,11
0.327408,11
0.328408,11
0.329408,12
0.335408,13
0.336408,13
0.337408,14
0.338408,14
0.339412,14
0.340408,14
0.341412,14
0.342412,15
0.343412,15
0.344416,15
0.345412,15
0.346416,15
0.347416,15
0.348412,15
0.349416,15
0.350412,15
0.351412,15
0.352412,15
0.353416,15
0.354412,15
0.355416,15
0.356416,15
0.357416,15
0.358412,15
0.359412,0
0.360412,0
0.361412,0
0.362412,0
0.363416,0
0.364416,0
0.365412,0
0.366416,0
0.367416,0
0.368412,0
0.369420,0
0.370420,0
0.371416,0
0.372416,0
0.373416,0
0.374416,0
0.375416,0
0.380416,2
0.381420,2
0.382416,2
0.383416,3
0.384416,3
0.385416,3
0.386420,3
0.387416,3
0.388420,4
0.389424,4
0.390416,4
0.391420,4
0.392420,4
0.393420,5
0.394420,5
0.395420,5
0.396420,6
0.397420,6
0.398420,6
0.399420,6
0.400420,7
0.401420,7
0.402424,7
0.403424,7
0.404424,8
0.405420,8
0.406420,8
0.407420,8
0.408420,8
0.409424,9
0.410424,9
0.411424,9
0.412424,9
0.413424,9
0.414424,10
0.415424,10
0.416424,10
0.417424,11
0.418424,11
0.419424,11
0.420424,11
0.421424,12
0.426428,13
0.427428,13
0.428424,13
0.429424,13
0.430424,14
0.431424,14
0.432432,14
0.433424,14
0.434428,15
0.435428,15
0.436428,15
0.437424,15
0.438424,15
0.439424,15
0.440428,15
0.441424,15
0.442428,15
0.443428,15
0.444428,15
0.445424,15
0.446432,15
0.447428,15
0.448428,15
0.449432,15
0.450428,15
0.451428,0
0.452432,0
0.453428,0
0.454428,0
0.455432,0
0.456428,0
0.457428,0
0.458428,0
0.459428,0
0.460432,0
0.461428,0
0.462428,0
0.463432,0
0.464428,0
0.465432,0
0.471432,1
0.472432,2
0.473428,2
0.474432,2
0.475436,3
0.476432,3
0.477432,3
0.478436,3
0.479432,3
0.480432,3
0.481432,4
0.482432,4
0.483432,4
0.484432,4
0.485432,5
0.486432,5
0.487432,5
0.488436,6
0.489436,6
0.490436,6
0.491436,6
0.492436,7
0.493432,7
0.494432,7
0.495436,7
0.496432,8
0.497436,8
0.498436,8
0.499436,8
0.500436,8
0.501436,8
0.502436,9
0.503436,9
0.504432,9
0.505432,9
0.506436,10
0.507440,10
0.508436,10
0.509436,11
0.510436,11
0.511436,11
0.512440,11
0.513440,12
0.518444,12
0.519436,13
0.520440,13
0.521436,13
0.522440,14
0.523440,14
0.524440,14
0.525436,14
0.526436,15
0.527436,15
0.528440,15
0.529440,15
0.530436,15
0.531440,15
0.532440,15
0.533440,15
0.534440,15
0.535440,15
0.536440,15
0.537444,15
0.538444,15
0.539440,15
0.540440,15
0.541440,15
0.542440,15
0.543444,0
0.544440,0
0.545444,0
0.546444,0
0.547440,0
0.548444,0
0.549440,0
0.550440,0
0.551440,0
0.552444,0
0.553440,0
0.554444,0
0.555444,0
0.556444,0
0.557444,0
0.562444,1
0.563444,1
0.564444,2
0.565444,2
0.566444,2
0.567444,3
0.568448,3
0.569448,3
0.570448,3
0.571448,3
0.572444,3
0.573444,4
0.574444,4
0.575444,4
0.576448,4
0.577448,5
0.578448,5
0.579448,5
0.580448,6
0.581448,6
0.582444,6
0.583444,6
0.584448,7
0.585444,7
0.586448,7
0.587448,7
0.588448,7
0.589448,8
0.590448,8
0.591452,8
0.592452,8
0.593452,8
0.594448,9
0.595452,9
0.596448,9
0.597448,9
0.598448,10
0.599452,10
0.600452,10
0.601452,11
0.602452,11
0.603448,11
0.608452,12
0.609452,12
0.610452,12
0.611452,13
0.612456,13
0.613452,13
0.614452,14
0.615456,14
0.616456,14
0.617452,14
0.618452,15
0.619452,15
0.620452,15
0.621456,15
0.622452,15
0.623456,15
0.624456,15
0.625452,15
0.626456,15
0.627452,15
0.628452,15
0.629452,15
0.630456,15
0.631456,15
0.632452,15
0.633456,15
0.634460,15
0.635456,0
0.636452,0
0.637460,0
0.638452,0
0.639456,0
0.640460,0
0.641456,0
0.642456,0
0.643456,0
0.644456,0
0.645456,0
0.646460,0
0.647464,0
0.648456,0
0.653460,1
0.654456,1
0.655460,1
0.656460,2
0.657460,2
0.658456,2
0.659460,3
0.660460,3
0.661460,3
0.662460,3
0.663460,3
0.664460,3
0.665460,4
0.666460,4
0.667460,4
0.668464,4
0.669460,5
0.670460,5
0.671460,5
0.672464,6
0.673460,6
0.674460,6
0.675460,6
0.676460,7
0.677464,7
0.678464,7
0.679460,7
0.680460,8
0.681464,8
0.682460,8
0.683460,8
0.684460,8
0.685464,8
0.686460,9
0.687464,9
0.688464,9
0.689464,9
0.690472,10
0.691464,10
0.692464,10
0.693464,11
0.694464,11
0.699464,12
0.700464,12
0.701468,12
0.702468,13
0.703468,13
0.704464,13
0.705464,13
0.706464,14
0.707464,14
0.708468,14
0.709464,14
0.710468,15
0.711468,15
0.712468,15
0.713464,15
0.714468,15
0.715468,15
0.716472,15
0.717464,15
0.718468,15
0.719468,15
0.720468,15
0.721468,15
0.722468,15
0.723468,15
0.724468,15
0.725468,15
0.726472,15
0.727472,0
0.728468,0
0.729468,0
0.730468,0
0.731468,0
0.732476,0
0.733476,0
0.734468,0
0.735472,0
0.736472,0
0.737472,0
0.738472,0
0.743472,0
0.744472,1
0.745476,1
0.746472,1
0.747476,1
0.748476,2
0.749476,2
0.750476,2
0.751472,3
0.752472,3
0.753472,3
0.754472,3
0.755476,3
0.756472,4
0.757476,4
0.758476,4
0.759472,4
0.760476,4
0.761472,5
0.762472,5
0.763476,5
0.764472,6
0.765476,6
0.766476,6
0.767476,6
0.768476,7
0.769476,7
0.770472,7
0.771472,7
0.772476,8
0.773480,8
0.774476,8
0.775480,8
0.776484,8
0.777476,9
0.778480,9
0.779480,9
0.780480,9
0.781480,9
0.782476,10
0.783480,10
0.784476,10
0.785480,11
0.790480,12
0.791476,12
0.792476,12
0.793476,12
0.794476,13
0.795480,13
0.796476,13
0.797480,13
0.798480,14
0.799480,14
0.800476,14
0.801484,14
0.802484,15
0.803484,15
0.804476,15
0.805480,15
0.806480,15
0.807480,15
0.808480,15
0.809484,15
0.810480,15
0.811480,15
0.812484,15
0.813480,15
0.814484,15
0.815480,15
0.816480,15
0.817484,15
0.818488,15
0.819480,0
0.820484,0
0.821484,0
0.822484,0
0.823484,0
0.824480,0
0.825480,0
0.826484,0
0.827484,0
0.828484,0
0.829484,0
0.834484,0
0.835488,1
0.836488,1
0.837488,1
0.838484,1
0.839484,1
0.840484,2
0.841484,2
0.842488,2
0.843484,3
0.844488,3
0.845488,3
0.846488,3
0.847484,3
0.848484,4
0.849484,4
0.850488,4
0.851488,4
0.852488,5
0.853488,5
0.854488,5
0.855488,5
0.856492,6
0.857488,6
0.858488,6
0.859492,6
0.860492,7
0.861496,7
0.862492,7
0.863488,7
0.864488,8
0.865492,8
0.866488,8
0.867492,8
0.868492,8
0.869492,9
0.870488,9
0.871488,9
0.872488,9
0.873488,10
0.874492,10
0.875492,10
0.880492,11
0.881492,12
0.882492,12
0.883492,12
0.884488,12
0.885492,12
0.886492,13
0.887496,13
0.888492,13
0.889496,14
0.890496,14
0.891492,14
0.892496,14
0.893492,15
0.894492,15
0.895492,15
0.896492,15
0.897496,15
0.898496,15
0.899496,15
0.900496,15
0.901496,15
0.902492,15
0.903492,15
0.904500,15
0.905496,15
0.906492,15
0.907496,15
0.908496,15
0.909496,15
0.910496,0
0.911492,0
0.912500,0
0.913496,0
0.914496,0
0.915496,0
0.916496,0
0.917500,0
0.918496,0
0.919496,0
0.924496,0
0.925500,0
0.926500,0
0.927496,1
0.928496,1
0.929500,1
0.930500,1
0.931500,2
0.932500,2
0.933500,2
0.934500,3
0.935496,3
0.936496,3
0.937500,3
0.938504,3
0.939500,3
0.940500,4
0.941500,4
0.942500,4
0.943500,4
0.944504,5
0.945500,5
0.946500,5
0.947508,6
0.948500,6
0.949504,6
0.950500,6
0.951500,7
0.952504,7
0.953504,7
0.954504,7
0.955504,8
0.956504,8
0.957500,8
0.958504,8
0.959504,8
0.960504,8
0.961500,9
0.962504,9
0.963504,9
0.964504,9
0.965504,10
0.966504,10
0.971504,11
0.972504,12
0.973504,12
0.974508,12
0.975504,12
0.976508,12
0.977508,13
0.978508,13
0.979504,13
0.980504,13
0.981504,14
0.982504,14
0.983508,14
0.984504,14
0.985508,15
0.986508,15
0.987508,15
0.988504,15
0.989508,15
0.990512,15
0.991508,15
0.992512,15
0.993508,15
0.994512,15
0.995508,15
0.996508,15
0.997508,15
0.998508,15
0.999508,15
1.000512,15
1.001508,15
1.002508,0
1.003512,0
1.004508,0
1.005508,0
1.006508,0
1.007512,0
1.008512,0
1.009512,0
1.010512,0
1.015512,0
1.016512,0
1.017508,0
1.018512,1
1.019512,1
1.020512,1
1.021512,1
1.022512,1
1.023516,2
1.024516,2
1.025512,2
1.026516,3
1.027512,3
1.028512,3
1.029516,3
1.030512,3
1.031516,4
1.032516,4
1.033520,4
1.034512,4
1.035512,5
1.036516,5
1.037516,5
1.038512,5
1.039516,6
1.040512,6
1.041516,6
1.042516,6
1.043520,7
1.044516,7
1.045516,7
1.046516,7
1.047516,8
1.048520,8
1.049516,8
1.050516,8
1.051516,8
1.052516,9
1.053520,9
1.054520,9
1.055520,9
1.056516,10
1.057516,10
1.062520,11
1.063520,11
1.064516,12
1.065520,12
1.066516,12
1.067516,12
1.068520,12
1.069524,13
1.070516,13
1.071520,13
1.072520,14
1.073520,14
1.074520,14
1.075520,14
1.076528,15
1.077520,15
1.078524,15
1.079524,15
1.080520,15
1.081520,15
1.082520,15
1.083524,15
1.084520,15
1.085524,15
1.086524,15
1.087524,15
1.088520,15
1.089524,15
1.090520,15
1.091520,15
1.092524,15
1.093524,0
1.094520,0
1.095524,0
1.096524,0
1.097524,0
1.098524,0
1.099524,0
1.100524,0
1.101524,0
1.106524,0
1.107524,0
1.108528,0
1.109524,0
1.110524,1
1.111528,1
1.112528,1
1.113524,1
1.114524,2
1.115528,2
1.116524,2
1.117528,3
1.118528,3
1.119532,3
1.120528,3
1.121528,3
1.122528,4
1.123528,4
1.124528,4
1.125528,4
1.126528,4
1.127528,5
1.128528,5
1.129528,5
1.130532,6
1.131528,6
1.132528,6
1.133528,6
1.134528,7
1.135528,7
1.136532,7
1.137528,7
1.138528,8
1.139532,8
1.140528,8
1.141532,8
1.142532,8
1.143528,9
1.144532,9
1.145528,9
1.146528,9
1.147528,10
1.152536,11
1.153532,11
1.154528,11
1.155532,12
1.156532,12
1.157532,12
1.158532,12
1.159532,12
1.160532,13
1.161532,13
1.162540,13
1.163532,14
1.164536,14
1.165536,14
1.166536,14
1.167532,15
1.168532,15
1.169532,15
1.170536,15
1.171532,15
1.172536,15
1.173536,15
1.174536,15
1.175536,15
1.176532,15
1.177536,15
1.178536,15
1.179532,15
1.180536,15
1.181536,15
1.182536,15
1.183536,15
1.184536,0
1.185536,0
1.186540,0
1.187536,0
1.188536,0
1.189540,0
1.190540,0
1.191536,0
1.196536,0
1.197540,0
1.198540,0
1.199536,0
1.200536,0
1.201536,1
1.202536,1
1.203540,1
1.204540,1
1.205544,2
1.206540,2
1.207540,2
1.208544,3
1.209540,3
1.210540,3
1.211540,3
1.212540,3
1.213540,4
1.214540,4
1.215540,4
1.216540,4
1.217544,4
1.218544,5
1.219540,5
1.220544,5
1.221540,6
1.222544,6
1.223540,6
1.224544,6
1.225544,7
1.226544,7
1.227544,7
1.228540,7
1.229544,8
1.230548,8
1.231544,8
1.232548,8
1.233548,8
1.234544,9
1.235544,9
1.236544,9
1.237544,9
1.238544,10
1.243548,11
1.244548,11
1.245544,11
1.246544,12
1.247544,12
1.248552,12
1.249544,12
1.250548,12
1.251548,13
1.252548,13
1.253548,13
1.254544,14
1.255544,14
1.256544,14
1.257548,14
1.258544,14
1.259548,15
1.260548,15
1.261548,15
1.262548,15
1.263552,15
1.264548,15
1.265548,15
1.266552,15
1.267548,15
1.268552,15
1.269548,15
1.270548,15
1.271548,15
1.272552,15
1.273548,15
1.274552,15
1.275548,0
1.276552,0
1.277552,0
1.278548,0
1.279548,0
1.280548,0
1.281552,0
1.282548,0
1.287548,0
1.288548,0
1.289552,0
1.290552,0
1.291556,0
1.292552,1
1.293552,1
1.294552,1
1.295556,1
1.296552,2
1.297552,2
1.298552,2
1.299552,3
1.300556,3
1.301552,3
1.302552,3
1.303552,3
1.304556,3
1.305552,4
1.306556,4
1.307556,4
1.308556,4
1.309552,5
1.310556,5
1.311556,5
1.312556,6
1.313556,6
1.314556,6
1.315556,6
1.316556,7
1.317556,7
1.318556,7
1.319556,7
1.320556,8
1.321556,8
1.322556,8
1.323556,8
1.324560,8
1.325556,9
1.326556,9
1.327560,9
1.328560,9
1.333560,11
1.334564,11
1.335560,11
1.336560,11
1.337560,12
1.338560,12
1.339560,12
1.340560,12
1.341556,12
1.342556,13
1.343560,13
1.344564,13
1.345560,14
1.346560,14
1.347560,14
1.348560,14
1.349560,14
1.350560,15
1.351560,15
1.352564,15
1.353564,15
1.354560,15
1.355564,15
1.356560,15
1.357564,15
1.358560,15
1.359564,15
1.360560,15
1.361560,15
1.362564,15
1.363564,15
1.364560,15
1.365560,15
1.366560,0
1.367564,0
1.368568,0
1.369564,0
1.370568,0
1.371564,0
1.372564,0
1.377568,0
1.378564,0
1.379564,0
1.380568,0
1.381564,0
1.382568,0
1.383564,1
1.384568,1
1.385568,1
1.386568,1
1.387568,2
1.388564,2
1.389564,2
1.390564,3
1.391568,3
1.392564,3
1.393568,3
1.394568,3
1.395568,4
1.396568,4
1.397564,4
1.398572,4
1.399572,4
1.400572,5
1.401568,5
1.402572,5
1.403568,6
1.404568,6
1.405572,6
1.406568,6
1.407572,7
1.408572,7
1.409572,7
1.410568,7
1.411568,8
1.412572,8
1.413572,8
1.414568,8
1.415572,8
1.416572,9
1.417572,9
1.418572,9
1.419576,9
1.424572,11
1.425572,11
1.426576,11
1.427572,11
1.428572,12
1.429572,12
1.430572,12
1.431572,12
1.432576,12
1.433572,13
1.434572,13
1.435572,13
1.436572,14
1.437576,14
1.438572,14
1.439576,14
1.440576,15
1.441572,15
1.442576,15
1.443572,15
1.444576,15
1.445576,15
1.446576,15
1.447576,15
1.448576,15
1.449576,15
1.450576,15
1.451580,15
1.452576,15
1.453576,15
1.454576,15
1.455576,15
1.456576,15
1.457576,0
1.458576,0
1.459576,0
1.460576,0
1.461580,0
1.462584,0
1.463584,0
1.468576,0
1.469576,0
1.470580,0
1.471580,0
1.472580,0
1.473580,0
1.474580,1
1.475576,1
1.476576,1
1.477576,1
1.478580,2
1.479580,2
1.480584,2
1.481580,3
1.482580,3
1.483584,3
1.484580,3
1.485584,3
1.486584,4
1.487584,4
1.488584,4
1.489580,4
1.490580,5
1.491580,5
1.492584,5
1.493580,5
1.494584,6
1.495584,6
1.496584,6
1.497584,6
1.498580,7
1.499580,7
1.500584,7
1.501584,7
1.502584,8
1.503584,8
1.504584,8
1.505588,8
1.506580,8
1.507580,9
1.508588,9
1.509588,9
1.510584,9
1.515588,11
1.516584,11
1.517588,11
1.518588,11
1.519584,12
1.520588,12
1.521584,12
1.522584,12
1.523588,12
1.524584,13
1.525588,13
1.526588,13
1.527588,14
1.528588,14
1.529588,14
1.530584,14
1.531588,15
1.532588,15
1.533588,15
1.534588,15
1.535588,15
1.536588,15
1.537588,15
1.538588,15
1.539592,15
1.540592,15
1.541592,15
1.542588,15
1.543592,15
1.544588,15
1.545588,15
1.546588,15
1.547592,15
1.548596,0
1.549592,0
1.550592,0
1.551592,0
1.552592,0
1.553588,0
1.557592,0
1.558596,0
1.559592,0
1.560592,0
1.561592,0
1.562596,0
1.563592,0
1.564592,1
1.565596,1
1.566596,1
1.567592,1
1.568592,2
1.569592,2
1.570592,2
1.571596,2
1.572596,3
1.573596,3
1.574596,3
1.575596,3
1.576596,3
1.577592,4
1.578592,4
1.579596,4
1.580592,4
1.581596,5
1.582596,5
1.583596,5
1.584596,6
1.585600,6
1.586596,6
1.587596,6
1.588600,7
1.589592,7
1.590596,7
1.591600,7
1.592600,8
1.593600,8
1.594596,8
1.595600,8
1.596600,8
1.597596,8
1.598600,9
1.599596,9
1.603596,10
1.604600,10
1.605596,11
1.606600,11
1.607596,11
1.608600,11
1.609600,12
1.610600,12
1.611600,12
1.612596,12
1.613600,12
1.614600,13
1.615600,13
1.616600,13
1.617600,14
1.618604,14
1.619604,14
1.620600,14
1.621600,14
1.622600,15
1.623600,15
1.624604,15
1.625600,15
1.626604,15
1.627604,15
1.628604,15
1.629600,15
1.630604,15
1.631604,15
1.632604,15
1.633604,15
1.634608,15
1.635604,15
1.636604,15
1.637604,15
1.638604,0
1.639604,0
1.640604,0
1.641604,0
1.642604,0
1.646604,0
1.647608,0
1.648604,0
1.649608,0
1.650604,0
1.651608,0
1.652604,0
1.653608,0
1.654604,0
1.655604,1
1.656604,1
1.657604,1
1.658608,1
1.659608,2
1.660608,2
1.661608,2
1.662608,3
1.663608,3
1.664608,3
1.665608,3
1.666608,3
1.667608,4
1.668604,4
1.669608,4
1.670608,4
1.671612,5
1.672608,5
1.673612,5
1.674608,5
1.675612,6
1.676612,6
1.677620,6
1.678608,6
1.679608,7
1.680608,7
1.681612,7
1.682612,7
1.683612,8
1.684612,8
1.685612,8
1.686608,8
1.687608,8
1.688608,9
1.692612,10
1.693608,10
1.694612,10
1.695612,11
1.696612,11
1.697612,11
1.698616,11
1.699612,11
1.700612,12
1.701612,12
1.702612,12
1.703616,12
1.704612,12
1.705612,13
1.706616,13
1.707616,13
1.708612,14
1.709612,14
1.710612,14
1.711612,14
1.712616,15
1.713616,15
1.714616,15
1.715616,15
1.716616,15
1.717616,15
1.718616,15
1.719616,15
1.720620,15
1.721616,15
1.722616,15
1.723616,15
1.724616,15
1.725616,15
1.726620,15
1.727620,15
1.728616,15
1.729616,0
1.730620,0
1.734620,0
1.735620,0
1.736616,0
1.737620,0
1.738620,0
1.739620,0
1.740616,0
1.741616,0
1.742620,0
1.743620,0
1.744620,0
1.745616,1
1.746620,1
1.747620,1
1.748620,1
1.749616,2
1.750624,2
1.751620,2
1.752620,2
1.753620,3
1.754624,3
1.755620,3
1.756620,3
1.757620,3
1.758620,4
1.759624,4
1.760620,4
1.761620,4
1.762624,5
1.763632,5
1.764620,5
1.765620,6
1.766624,6
1.767620,6
1.768624,6
1.769624,7
1.770624,7
1.771624,7
1.772624,7
1.773624,8
1.774624,8
1.775624,8
1.776624,8
1.780624,9
1.781624,9
1.782628,10
1.783628,10
1.784628,10
1.785628,10
1.786624,11
1.787624,11
1.788624,11
1.789624,11
1.790624,12
1.791628,12
1.792628,12
1.793628,12
1.794628,12
1.795624,13
1.796628,13
1.797628,13
1.798624,14
1.799628,14
1.800624,14
1.801628,14
1.802628,15
1.803628,15
1.804624,15
1.805632,15
1.806636,15
1.807628,15
1.808632,15
1.809628,15
1.810628,15
1.811628,15
1.812628,15
1.813632,15
1.814628,15
1.815632,15
1.816628,15
1.817632,15
1.818628,15
1.822628,0
1.823632,0
1.824632,0
1.825632,0
1.826632,0
1.827632,0
1.828632,0
1.829632,0
1.830632,0
1.831632,0
1.832632,0
1.833632,0
1.834632,0
1.835632,1
1.836632,1
1.837632,1
1.838632,1
1.839632,1
1.840632,2
1.841636,2
1.842632,2
1.843632,3
1.844632,3
1.845636,3
1.846632,3
1.847636,3
1.848636,4
1.849640,4
1.850632,4
1.851636,4
1.852636,5
1.853636,5
1.854636,5
1.855636,6
1.856632,6
1.857636,6
1.858636,6
1.859636,7
1.860632,7
1.861640,7
1.862636,7
1.863640,8
1.864636,8
1.868640,8
1.869640,9
1.870640,9
1.871640,9
1.872640,9
1.873636,10
1.874640,10
1.875640,10
1.876636,11
1.877640,11
1.878636,11
1.879640,11
1.880640,12
1.881640,12
1.882640,12
1.883640,12
1.884636,12
1.885640,13
1.886644,13
1.887640,13
1.888640,14
1.889640,14
1.890640,14
1.891644,14
1.892648,15
1.893644,15
1.894644,15
1.895644,15
1.896640,15
1.897640,15
1.898640,15
1.899640,15
1.900644,15
1.901644,15
1.902644,15
1.903644,15
1.904644,15
1.905640,15
1.906640,15
1.907640,15
1.911644,0
1.912644,0
1.913644,0
1.914644,0
1.915644,0
1.916644,0
1.917644,0
1.918644,0
1.919648,0
1.920644,0
1.921644,0
1.922644,0
1.923644,0
1.924648,0
1.925648,0
1.926644,1
1.927644,1
1.928648,1
1.929644,1
1.930648,2
1.931648,2
1.932644,2
1.933648,3
1.934652,3
1.935652,3
1.936652,3
1.937648,3
1.938652,4
1.939648,4
1.940648,4
1.941652,4
1.942648,5
1.943652,5
1.944648,5
1.945648,6
1.946648,6
1.947652,6
1.948648,6
1.949648,6
1.950652,7
1.951652,7
1.952648,7
1.956652,8
1.957652,8
1.958652,8
1.959652,9
1.960652,9
1.961648,9
1.962648,9
1.963648,10
1.964652,10
1.965652,10
1.966652,11
1.967652,11
1.968652,11
1.969652,11
1.970656,12
1.971656,12
1.972656,12
1.973656,12
1.974652,12
1.975652,13
1.976652,13
1.977656,13
1.978660,14
1.979652,14
1.980656,14
1.981656,14
1.982656,14
1.983656,15
1.984652,15
1.985652,15
1.986656,15
1.987652,15
1.988656,15
1.989656,15
1.990656,15
1.991656,15
1.992656,15
1.993660,15
1.994652,15
1.995656,15
1.999656,0
2.000656,0
2.001656,0
2.002656,0
2.003660,0
2.004660,0
2.005660,0
2.006656,0
2.007660,0
2.008656,0
2.009656,0
2.010656,0
2.011660,0
2.012660,0
2.013656,0
2.014660,0
2.015656,0
2.016660,1
2.017660,1
2.018660,1
2.019660,1
2.020664,2
2.021664,2
2.022660,2
2.023660,3
2.024664,3
2.025660,3
2.026664,3
2.027664,3
2.028664,4
2.029664,4
2.030664,4
2.031660,4
2.032660,5
2.033660,5
2.034664,5
2.035664,6
2.036660,6
2.037660,6
2.038664,6
2.039664,6
2.040660,7
2.041664,7
2.045660,8
2.046664,8
2.047664,8
2.048668,8
2.049664,9
2.050664,9
2.051664,9
2.052664,9
2.053668,10
2.054664,10
2.055664,10
2.056664,11
2.057668,11
2.058668,11
2.059668,11
2.060668,12
2.061668,12
2.062664,12
2.063676,12
2.064664,12
2.065668,13
2.066664,13
2.067668,13
2.068668,14
2.069668,14
2.070668,14
2.071668,14
2.072668,15
2.073668,15
2.074668,15
2.075664,15
2.076668,15
2.077668,15
2.078668,15
2.079668,15
2.080668,15
2.081668,15
2.082668,15
2.083668,15
2.084672,15
2.088672,15
2.089672,0
2.090668,0
2.091672,0
2.092672,0
2.093672,0
2.094672,0
2.095668,0
2.096668,0
2.097668,0
2.098672,0
2.099672,0
2.100668,0
2.101672,0
2.102676,0
2.103672,0
2.104672,0
2.105672,1
2.106676,1
2.107672,1
2.108672,1
2.109672,1
2.110672,2
2.111672,2
2.112676,2
2.113672,3
2.114676,3
2.115672,3
2.116676,3
2.117672,3
2.118672,4
2.119672,4
2.120672,4
2.121676,4
2.122676,5
2.123676,5
2.124676,5
2.125676,6
2.126676,6
2.127672,6
2.128676,6
2.129676,7
2.130676,7
2.134680,8
2.135676,8
2.136680,8
2.137680,8
2.138680,9
2.139676,9
2.140676,9
2.141680,9
2.142676,10
2.143680,10
2.144680,10
2.145680,10
2.146680,11
2.147680,11
2.148680,11
2.149684,11
2.150680,12
2.151680,12
2.152680,12
2.153680,12
2.154680,12
2.155680,13
2.156680,13
2.157684,13
2.158680,14
2.159680,14
2.160684,14
2.161680,14
2.162684,15
2.163680,15
2.164680,15
2.165680,15
2.166684,15
2.167684,15
2.168680,15
2.169680,15
2.170684,15
2.171680,15
2.172680,15
2.173680,15
2.177684,15
2.178684,15
2.179684,0
2.180688,0
2.181684,0
2.182680,0
2.183684,0
2.184684,0
2.185684,0
2.186684,0
2.187684,0
2.188684,0
2.189684,0
2.190684,0
2.191688,0
2.192692,0
2.193684,0
2.194688,0
2.195688,1
2.196684,1
2.197684,1
2.198688,1
2.199684,2
2.200688,2
2.201688,2
2.202688,2
2.203688,3
2.204688,3
2.205684,3
2.206688,3
2.207688,3
2.208688,4
2.209688,4
2.210688,4
2.211688,4
2.212688,5
2.213688,5
2.214688,5
2.215688,6
2.216688,6
2.217692,6
2.218688,6
2.222692,7
2.223688,8
2.224692,8
2.225692,8
2.226692,8
2.227688,8
2.228688,9
2.229688,9
2.230688,9
2.231692,9
2.232692,10
2.233692,10
2.234692,10
2.235700,11
2.236688,11
2.237692,11
2.238692,11
2.239692,11
2.240692,12
2.241692,12
2.242692,12
2.243692,12
2.244692,12
2.245696,13
2.246696,13
2.247696,13
2.248696,14
2.249696,14
2.250692,14
2.251692,14
2.252692,15
2.253696,15
2.254696,15
2.255692,15
2.256696,15
2.257696,15
2.258692,15
2.259692,15
2.260692,15
2.261692,15
2.265700,15
2.266696,15
2.267696,15
2.268696,15
2.269696,0
2.270700,0
2.271696,0
2.272700,0
2.273696,0
2.274696,0
2.275696,0
2.276696,0
2.277700,0
2.278704,0
2.279700,0
2.280700,0
2.281696,0
2.282696,0
2.283700,0
2.284700,0
2.285700,1
2.286696,1
2.287700,1
2.288700,1
2.289700,2
2.290700,2
2.291700,2
2.292704,3
2.293704,3
2.294704,3
2.295700,3
2.296704,3
2.297700,4
2.298700,4
2.299704,4
2.300700,4
2.301700,5
2.302704,5
2.303704,5
2.304700,5
2.305700,6
2.306700,6
2.307700,6
2.311704,7
2.312704,7
2.313704,8
2.314704,8
2.315704,8
2.316704,8
2.317704,8
2.318704,9
2.319708,9
2.320704,9
2.321708,9
2.322708,10
2.323708,10
2.324704,10
2.325704,11
2.326708,11
2.327704,11
2.328704,11
2.329704,12
2.330704,12
2.331708,12
2.332704,12
2.333708,12
2.334708,13
2.335708,13
2.336704,13
2.337704,14
2.338704,14
2.339704,14
2.340708,14
2.341708,14
2.342704,15
2.343708,15
2.344708,15
2.345708,15
2.346708,15
2.347712,15
2.348712,15
2.349708,15
2.350712,15
2.354712,15
2.355708,15
2.356712,15
2.357712,15
2.358712,0
2.359708,0
2.360712,0
2.361708,0
2.362712,0
2.363708,0
2.364716,0
2.365712,0
2.366712,0
2.367712,0
2.368712,0
2.369712,0
2.370712,0
2.371712,0
2.372712,0
2.373708,0
2.374712,1
2.375712,1
2.376712,1
2.377712,1
2.378716,2
2.379712,2
2.380712,2
2.381716,2
2.382716,3
2.383712,3
2.384716,3
2.385712,3
2.386716,3
2.387712,4
2.388716,4
2.389716,4
2.390716,4
2.391716,5
2.392716,5
2.393716,5
2.394716,6
2.395716,6
2.399716,7
2.400716,7
2.401712,7
2.402712,8
2.403716,8
2.404716,8
2.405716,8
2.406716,8
2.407720,9
2.408716,9
2.409720,9
2.410720,9
2.411716,10
2.412716,10
2.413720,10
2.414716,11
2.415716,11
2.416716,11
2.417716,11
2.418720,11
2.419716,12
2.420720,12
2.421720,12
2.422720,12
2.423720,12
2.424720,13
2.425720,13
2.426724,13
2.427716,14
2.428720,14
2.429720,14
2.430720,14
2.431724,15
2.432720,15
2.433724,15
2.434724,15
2.435724,15
2.436724,15
2.437720,15
2.438720,15
2.439720,15
2.443724,15
2.444724,15
2.445720,15
2.446724,15
2.447724,0
2.448724,0
2.449720,0
2.450728,0
2.451724,0
2.452724,0
2.453724,0
2.454724,0
2.455724,0
2.456724,0
2.457724,0
2.458724,0
2.459724,0
2.460728,0
2.461724,0
2.462728,0
2.463724,0
2.464724,1
2.465728,1
2.466728,1
2.467728,1
2.468728,2
2.469728,2
2.470728,2
2.471724,3
2.472724,3
2.473728,3
2.474724,3
2.475728,3
2.476728,4
2.477728,4
2.478728,4
2.479728,4
2.480724,5
2.481728,5
2.482728,5
2.483728,6
2.484728,6
2.488728,7
2.489728,7
2.490728,7
2.491732,7
2.492732,8
2.493740,8
2.494728,8
2.495728,8
2.496728,8
2.497732,9
2.498728,9
2.499732,9
2.500732,9
2.501732,10
2.502732,10
2.503732,10
2.504732,11
2.505728,11
2.506732,11
2.507732,11
2.508732,12
2.509732,12
2.510732,12
2.511732,12
2.512732,12
2.513732,13
2.514736,13
2.515732,13
2.516736,14
2.517732,14
2.518736,14
2.519732,14
2.520736,15
2.521736,15
2.522736,15
2.523736,15
2.524736,15
2.525732,15
2.526732,15
2.527736,15
2.531732,15
2.532736,15
2.533732,15
2.534732,15
2.535740,15
2.536740,15
2.537736,0
2.538740,0
2.539736,0
2.540736,0
2.541736,0
2.542736,0
2.543736,0
2.544740,0
2.545740,0
2.546736,0
2.547740,0
2.548736,0
2.549736,0
2.550736,0
2.551736,0
2.552740,0
2.553736,1
2.554740,1
2.555740,1
2.556736,1
2.557736,2
2.558744,2
2.559740,2
2.560740,3
2.561740,3
2.562740,3
2.563740,3
2.564740,3
2.565740,4
2.566744,4
2.567740,4
2.568740,4
2.569744,5
2.570744,5
2.571740,5
2.572740,5
2.576744,6
2.577744,7
2.578744,7
2.579748,7
2.580740,7
2.581744,8
2.582744,8
2.583744,8
2.584740,8
2.585744,8
2.586744,9
2.587744,9
2.588744,9
2.589748,9
2.590744,10
2.591744,10
2.592748,10
2.593744,11
2.594744,11
2.595744,11
2.596744,11
2.597744,12
2.598748,12
2.599744,12
2.600748,12
2.601744,12
2.602748,13
2.603744,13
2.604744,13
2.605748,14
2.606744,14
2.607748,14
2.608744,14
2.609748,15
2.610748,15
2.611744,15
2.612744,15
2.613744,15
2.614748,15
2.615748,15
2.616748,15
2.621756,15
2.622756,15
2.623748,15
2.624752,15
2.625752,15
2.626748,0
2.627748,0
2.628748,0
2.629748,0
2.630752,0
2.631748,0
2.632752,0
2.633752,0
2.634748,0
2.635752,0
2.636748,0
2.637748,0
2.638752,0
2.639748,0
2.640752,0
2.641752,0
2.642752,1
2.643752,1
2.644752,1
2.645752,1
2.646752,2
2.647752,2
2.648756,2
2.649752,3
2.650756,3
2.651752,3
2.652756,3
2.653752,3
2.654756,4
2.655756,4
2.656756,4
2.657756,4
2.658752,4
2.659756,5
2.660752,5
2.661756,5
2.662752,6
2.666752,7
2.667760,7
2.668756,7
2.669756,7
2.670756,8
2.671756,8
2.672756,8
2.673756,8
2.674756,8
2.675756,9
2.676756,9
2.677760,9
2.678760,9
2.679760,10
2.680756,10
2.681756,10
2.682756,11
2.683756,11
2.684756,11
2.685760,11
2.686760,12
2.687760,12
2.688760,12
2.689756,12
2.690760,12
2.691760,13
2.692756,13
2.693760,13
2.694756,14
2.695760,14
2.696760,14
2.697760,14
2.698764,14
2.699760,15
2.700760,15
2.701764,15
2.702764,15
2.703760,15
2.704760,15
2.705760,15
2.709764,15
2.710764,15
2.711760,15
2.712764,15
2.713760,15
2.714760,15
2.715764,0
2.716764,0
2.717764,0
2.718764,0
2.719764,0
2.720764,0
2.721764,0
2.722764,0
2.723764,0
2.724764,0
2.725764,0
2.726768,0
2.727764,0
2.728764,0
2.729764,0
2.730764,0
2.731764,1
2.732768,1
2.733768,1
2.734768,1
2.735768,2
2.736764,2
2.737768,2
2.738764,3
2.739768,3
2.740764,3
2.741768,3
2.742768,3
2.743768,3
2.744768,4
2.745768,4
2.746764,4
2.747764,4
2.748768,5
2.749768,5
2.750776,5
2.751768,6
2.755768,7
2.756772,7
2.757772,7
2.758772,7
2.759768,8
2.760768,8
2.761768,8
2.762768,8
2.763768,8
2.764772,9
2.765772,9
2.766772,9
2.767772,9
2.768772,10
2.769768,10
2.770772,10
2.771768,11
2.772772,11
2.773772,11
2.774772,11
2.775772,12
2.776772,12
2.777772,12
2.778772,12
2.779772,12
2.780772,13
2.781772,13
2.782772,13
2.783772,14
2.784772,14
2.785772,14
2.786776,14
2.787772,15
2.788772,15
2.789776,15
2.790776,15
2.791772,15
2.792772,15
2.793780,15
2.794772,15
2.798776,15
2.799776,15
2.800776,15
2.801776,15
2.802776,15
2.803776,15
2.804776,0
2.805776,0
2.806772,0
2.807776,0
2.808780,0
2.809776,0
2.810780,0
2.811780,0
2.812776,0
2.813780,0
2.814780,0
2.815776,0
2.816776,0
2.817780,0
2.818776,0
2.819780,0
2.820780,1
2.821780,1
2.822780,1
2.823776,1
2.824776,2
2.825776,2
2.826776,2
2.827780,3
2.828776,3
2.829780,3
2.830780,3
2.831780,3
2.832780,4
2.833780,4
2.834780,4
2.835784,4
2.836788,5
2.837780,5
2.838780,5
2.839784,5
2.843780,6
2.844784,7
2.845784,7
2.846780,7
2.847780,7
2.848780,8
2.849780,8
2.850784,8
2.851784,8
2.852780,8
2.853784,9
2.854784,9
2.855780,9
2.856780,9
2.857784,10
2.858784,10
2.859784,10
2.860784,11
2.861784,11
2.862784,11
2.863784,11
2.864788,12
2.865788,12
2.866788,12
2.867788,12
2.868788,12
2.869784,13
2.870784,13
2.871784,13
2.872784,14
2.873788,14
2.874788,14
2.875788,14
2.876788,15
2.877788,15
2.878784,15
2.879796,15
2.880788,15
2.881788,15
2.882788,15
2.883788,15
2.895792,0
2.896788,0
2.897792,0
2.898792,0
2.899792,0
2.900788,0
2.901792,0
2.902788,0
2.903788,0
2.904792,0
2.905788,0
2.906792,0
2.907792,0
2.908792,0
2.909792,1
2.910792,1
2.911792,1
2.912792,1
2.913796,2
2.914788,2
2.915792,2
2.916792,3
2.917792,3
2.918796,3
2.919792,3
2.920796,3
2.921796,4
2.922800,4
2.923792,4
2.924792,4
2.925792,5
2.926792,5
2.927796,5
2.928792,6
2.929796,6
2.930796,6
2.931796,6
2.932792,7
2.933796,7
2.934796,7
2.935796,7
2.936796,8
2.940796,8
2.941800,9
2.942800,9
2.943796,9
2.944796,9
2.945796,10
2.946796,10
2.947796,10
2.948796,10
2.949796,11
2.950796,11
2.951800,11
2.952800,11
2.953800,12
2.954800,12
2.955796,12
2.956796,12
2.957796,12
2.958796,13
2.959800,13
2.960796,13
2.961800,14
2.962800,14
2.963800,14
2.964800,14
2.965808,15
2.966804,15
2.967804,15
2.968796,15
2.969800,15
2.970800,15
2.971800,15
2.972804,15
2.973800,15
2.974800,15
2.975800,15
2.976800,15
2.977804,15
2.978800,15
2.979800,15
2.983800,0
2.984804,0
2.985804,0
2.986804,0
2.987804,0
2.988804,0
2.989800,0
2.990804,0
2.991800,0
2.992804,0
2.993800,0
2.994804,0
2.995804,0
2.996808,0
2.997804,1
2.998808,1
2.999804,1
3.000804,1
3.001804,2
3.002808,2
3.003804,2
3.004804,2
3.005808,3
3.006804,3
3.007808,3
3.008812,3
3.009804,3
3.010808,4
3.011804,4
3.012804,4
3.013804,4
3.014804,5
3.015808,5
3.016808,5
3.017808,6
3.018808,6
3.019808,6
3.020808,6
3.021808,7
3.022808,7
3.023808,7
3.024808,7
3.025812,8
3.029812,8
3.030808,9
3.031808,9
3.032812,9
3.033812,9
3.034808,10
3.035808,10
3.036808,10
3.037812,11
3.038808,11
3.039812,11
3.040812,11
3.041808,12
3.042812,12
3.043808,12
3.044808,12
3.045812,12
3.046808,13
3.047812,13
3.048812,13
3.049812,14
3.050812,14
3.051820,14
3.052816,14
3.053816,15
3.054816,15
3.055816,15
3.056812,15
3.057812,15
3.058812,15
3.059812,15
3.060812,15
3.061816,15
3.062816,15
3.063816,15
3.064812,15
3.065816,15
3.066812,15
3.067812,15
3.068812,15
3.072812,0
3.073816,0
3.074816,0
3.075812,0
3.076820,0
3.077812,0
3.078816,0
3.079820,0
3.080816,0
3.081816,0
3.082816,0
3.083816,0
3.084820,0
3.085816,0
3.086820,1
3.087816,1
3.088820,1
3.089816,1
3.090816,2
3.091816,2
3.092816,2
3.093820,3
3.094824,3
3.095820,3
3.096820,3
3.097816,3
3.098820,4
3.099820,4
3.100816,4
3.101820,4
3.102816,5
3.103820,5
3.104820,5
3.105820,6
3.106820,6
3.107820,6
3.108820,6
3.109820,6
3.110824,7
3.111824,7
3.112820,7
3.113820,8
3.117820,8
3.118824,9
3.119824,9
3.120824,9
3.121820,9
3.122820,10
3.123824,10
3.124824,10
3.125820,10
3.126824,11
3.127824,11
3.128824,11
3.129824,11
3.130824,12
3.131820,12
3.132824,12
3.133824,12
3.134828,12
3.135824,13
3.136824,13
3.137828,13
3.138828,14
3.139824,14
3.140824,14
3.141828,14
3.142828,15
3.143824,15
3.144828,15
3.145824,15
3.146828,15
3.147824,15
3.148828,15
3.149828,15
3.150828,15
3.151828,15
3.152828,15
3.153824,15
3.154824,15
3.155828,15
3.156832,15
3.160828,0
3.161828,0
3.162832,0
3.163828,0
3.164828,0
3.165832,0
3.166832,0
3.167828,0
3.168828,0
3.169828,0
3.170828,0
3.171828,0
3.172832,0
3.173832,0
3.174832,1
3.175832,1
3.176828,1
3.177828,1
3.178828,2
3.179836,2
3.180836,2
3.181832,2
3.182832,3
3.183832,3
3.184832,3
3.185832,3
3.186832,3
3.187832,4
3.188832,4
3.189836,4
3.190832,4
3.191832,5
3.192832,5
3.193832,5
3.194832,6
3.195836,6
3.196836,6
3.197836,6
3.198832,7
3.199836,7
3.200832,7
3.201832,7
3.202832,8
3.206836,8
3.207836,9
3.208832,9
3.209832,9
3.210832,9
3.211836,10
3.212832,10
3.213836,10
3.214836,11
3.215836,11
3.216836,11
3.217836,11
3.218840,12
3.219840,12
3.220836,12
3.221840,12
3.222844,12
3.223844,13
3.224836,13
3.225836,13
3.226840,14
3.227840,14
3.228840,14
3.229836,14
3.230840,15
3.231836,15
3.232840,15
3.233840,15
3.234840,15
3.235840,15
3.236840,15
3.237840,15
3.238840,15
3.239836,15
3.240844,15
3.241840,15
3.242840,15
3.243840,15
3.244840,15
3.248844,0
3.249840,0
3.250844,0
3.251844,0
3.252844,0
3.253844,0
3.254840,0
3.255840,0
3.256840,0
3.257844,0
3.258840,0
3.259844,0
3.260844,0
3.261844,0
3.262844,0
3.263840,1
3.264840,1
3.265848,1
3.266844,1
3.267848,2
3.268844,2
3.269848,2
3.270844,3
3.271844,3
3.272848,3
3.273844,3
3.274844,3
3.275848,4
3.276848,4
3.277844,4
3.278848,4
3.279844,5
3.280848,5
3.281844,5
3.282848,6
3.283848,6
3.284848,6
3.285848,6
3.286848,7
3.287844,7
3.288844,7
3.289848,7
3.290848,8
3.294848,8
3.295852,9
3.296848,9
3.297848,9
3.298848,9
3.299848,10
3.300848,10
3.301848,10
3.302848,11
3.303852,11
3.304848,11
3.305852,11
3.306852,12
3.307848,12
3.308856,12
3.309852,12
3.310852,12
3.311852,13
3.312848,13
3.313852,13
3.314852,14
3.315852,14
3.316852,14
3.317852,14
3.318852,15
3.319852,15
3.320852,15
3.321856,15
3.322852,15
3.323852,15
3.324852,15
3.325852,15
3.326852,15
3.327856,15
3.328856,15
3.329856,15
3.330856,15
3.331852,15
3.332856,15
3.333852,15
3.337856,0
3.338856,0
3.339856,0
3.340856,0
3.341852,0
3.342852,0
3.343852,0
3.344856,0
3.345852,0
3.346856,0
3.347856,0
3.348856,0
3.349856,0
3.350856,0
3.351864,1
3.352856,1
3.353860,1
3.354856,1
3.355860,2
3.356856,2
3.357856,2
3.358856,3
3.359860,3
3.360860,3
3.361860,3
3.362860,3
3.363860,4
3.364856,4
3.365856,4
3.366856,4
3.367856,5
3.368860,5
3.369856,5
3.370860,6
3.371860,6
3.372860,6
3.373860,6
3.374860,7
3.375860,7
3.376864,7
3.377856,7
3.378860,8
3.382864,8
3.383864,9
3.384864,9
3.385864,9
3.386864,9
3.387860,10
3.388860,10
3.389860,10
3.390864,11
3.391860,11
3.392864,11
3.393864,11
3.394868,12
3.395864,12
3.396864,12
3.397860,12
3.398860,12
3.399864,13
3.400864,13
3.401860,13
3.402868,14
3.403864,14
3.404864,14
3.405860,14
3.406864,14
3.407864,15
3.408864,15
3.409864,15
3.410864,15
3.411864,15
3.412864,15
3.413864,15
3.414868,15
3.415868,15
3.416868,15
3.417868,15
3.418868,15
3.419864,15
3.420864,15
3.421868,15
3.425868,0
3.426868,0
3.427868,0
3.428864,0
3.429864,0
3.430864,0
3.431868,0
3.432872,0
3.433868,0
3.434868,0
3.435868,0
3.436868,0
3.437872,0
3.438868,0
3.439868,1
3.440868,1
3.441872,1
3.442872,1
3.443868,2
3.444868,2
3.445872,2
3.446868,3
3.447872,3
3.448872,3
3.449872,3
3.450872,3
3.451872,4
3.452868,4
3.453868,4
3.454872,4
3.455876,5
3.456872,5
3.457872,5
3.458872,6
3.459872,6
3.460872,6
3.461876,6
3.462876,7
3.463876,7
3.464876,7
3.465872,7
3.466876,8
3.467872,8
3.471876,9
3.472872,9
3.473876,9
3.474872,9
3.475876,10
3.476876,10
3.477872,10
3.478876,11
3.479876,11
3.480880,11
3.481876,11
3.482876,12
3.483872,12
3.484872,12
3.485876,12
3.486876,12
3.487876,13
3.488876,13
3.489876,13
3.490876,14
3.491876,14
3.492880,14
3.493880,14
3.494880,14
3.495880,15
3.496876,15
3.497876,15
3.498880,15
3.499880,15
3.500876,15
3.501880,15
3.502880,15
3.503880,15
3.504880,15
3.505876,15
3.506880,15
3.507880,15
3.508876,15
3.509880,15
3.510876,15
3.514880,0
3.515884,0
3.516880,0
3.517880,0
3.518884,0
3.519884,0
3.520880,0
3.521880,0
3.522880,0
3.523888,0
3.524880,0
3.525884,0
3.526884,0
3.527884,1
3.528884,1
3.529880,1
3.530884,1
3.531884,2
3.532880,2
3.533884,2
3.534880,3
3.535884,3
3.536884,3
3.537884,3
3.538880,3
3.539888,4
3.540888,4
3.541888,4
3.542884,4
3.543888,5
3.544884,5
3.545884,5
3.546884,6
3.547884,6
3.548888,6
3.549888,6
3.550888,7
3.551888,7
3.552884,7
3.553888,7
3.554884,8
3.555888,8
3.559888,9
3.560888,9
3.561888,9
3.562884,9
3.563884,10
3.564888,10
3.565892,10
3.566892,11
3.567888,11
3.568888,11
3.569892,11
3.570888,12
3.571892,12
3.572892,12
3.573892,12
3.574888,12
3.575888,13
3.576888,13
3.577888,13
3.578888,14
3.579892,14
3.580888,14
3.581892,14
3.582892,15
3.583888,15
3.584892,15
3.585892,15
3.586892,15
3.587892,15
3.588892,15
3.589888,15
3.590892,15
3.591892,15
3.592892,15
3.593892,15
3.594892,15
3.595892,15
3.596892,15
3.597892,15
3.598892,15
3.602892,0
3.603896,0
3.604896,0
3.605896,0
3.606896,0
3.607892,0
3.608892,0
3.609904,0
3.610896,0
3.611892,0
3.612896,0
3.613896,0
3.614896,0
3.615896,1
3.616896,1
3.617892,1
3.618892,1
3.619896,2
3.620900,2
3.621896,2
3.622896,3
3.623896,3
3.624896,3
3.625896,3
3.626896,3
3.627896,4
3.628900,4
3.629896,4
3.630900,4
3.631896,5
3.632900,5
3.633896,5
3.634900,6
3.635900,6
3.636900,6
3.637900,6
3.638896,7
3.639900,7
3.640900,7
3.641896,7
3.642900,8
3.643900,8
3.644900,8
3.648900,9
3.649900,9
3.650900,9
3.651900,10
3.652908,10
3.653900,10
3.654904,11
3.655900,11
3.656900,11
3.657900,11
3.658904,12
3.659904,12
3.660904,12
3.661904,12
3.662900,12
3.663904,13
3.664904,13
3.665904,13
3.666904,14
3.667904,14
3.668904,14
3.669904,14
3.670904,15
3.671900,15
3.672900,15
3.673904,15
3.674900,15
3.675904,15
3.676904,15
3.677904,15
3.678904,15
3.679904,15
3.680908,15
3.681908,15
3.682908,15
3.683908,15
3.684904,15
3.685908,15
3.686904,0
3.690904,0
3.691908,0
3.692908,0
3.693908,0
3.694904,0
3.695916,0
3.696904,0
3.697908,0
3.698912,0
3.699908,0
3.700904,0
3.701908,0
3.702908,1
3.703908,1
3.704908,1
3.705912,1
3.706912,2
3.707908,2
3.708912,2
3.709908,3
3.710908,3
3.711908,3
3.712912,3
3.713912,3
3.714908,4
3.715908,4
3.716912,4
3.717912,4
3.718908,5
3.719908,5
3.720912,5
3.721908,5
3.722912,6
3.723912,6
3.724912,6
3.725912,6
3.726916,7
3.727912,7
3.728912,7
3.729916,7
3.730916,8
3.731912,8
3.732912,8
3.736916,9
3.737916,9
3.738920,10
3.739912,10
3.740912,10
3.741912,10
3.742912,11
3.743916,11
3.744912,11
3.745916,11
3.746916,12
3.747916,12
3.748912,12
3.749916,12
3.750916,12
3.751916,13
3.752916,13
3.753916,13
3.754916,14
3.755916,14
3.756916,14
3.757916,14
3.758920,15
3.759920,15
3.760920,15
3.761916,15
3.762920,15
3.763916,15
3.764916,15
3.765916,15
3.766920,15
3.767916,15
3.768920,15
3.769920,15
3.770916,15
3.771920,15
3.772916,15
3.773916,15
3.774920,0
3.775916,0
3.779920,0
3.780920,0
3.781928,0
3.782920,0
3.783920,0
3.784924,0
3.785920,0
3.786924,0
3.787920,0
3.788920,0
3.789924,0
3.790920,1
3.791924,1
3.792924,1
3.793924,1
3.794924,2
3.795920,2
3.796920,2
3.797920,3
3.798920,3
3.799924,3
3.800924,3
3.801920,3
3.802920,4
3.803924,4
3.804928,4
3.805924,4
3.806924,5
3.807924,5
3.808924,5
3.809924,6
3.810924,6
3.811924,6
3.812924,6
3.813928,7
3.814924,7
3.815924,7
3.816924,7
3.817924,8
3.818924,8
3.819928,8
3.820924,8
3.824932,9
3.825924,9
3.826928,10
3.827924,10
3.828924,10
3.829924,11
3.830928,11
3.831924,11
3.832928,11
3.833928,12
3.834928,12
3.835928,12
3.836928,12
3.837928,12
3.838928,13
3.839928,13
3.840928,13
3.841928,14
3.842928,14
3.843928,14
3.844928,14
3.845932,15
3.846932,15
3.847932,15
3.848932,15
3.849932,15
3.850928,15
3.851928,15
3.852932,15
3.853928,15
3.854932,15
3.855928,15
3.856932,15
3.857932,15
3.858928,15
3.859928,15
3.860936,15
3.861936,0
3.862936,0
3.863928,0
3.867940,0
3.868936,0
3.869932,0
3.870936,0
3.871932,0
3.872936,0
3.873936,0
3.874932,0
3.875932,0
3.876932,0
3.877936,1
3.878932,1
3.879936,1
3.880936,1
3.881936,2
3.882932,2
3.883932,2
3.884932,2
3.885932,3
3.886936,3
3.887936,3
3.888932,3
3.889936,4
3.890936,4
3.891940,4
3.892940,4
3.893940,4
3.894940,5
3.895936,5
3.896940,5
3.897936,6
3.898936,6
3.899936,6
3.900940,6
3.901940,7
3.902940,7
3.903940,7
3.904940,7
3.905936,8
3.906936,8
3.907936,8
3.908936,8
3.909944,9
3.913940,10
3.914940,10
3.915944,10
3.916944,10
3.917936,11
3.918940,11
3.919940,11
3.920940,11
3.921940,12
3.922944,12
3.923940,12
3.924940,12
3.925944,13
3.926944,13
3.927944,13
3.928940,13
3.929940,14
3.930940,14
3.931944,14
3.932944,14
3.933944,15
3.934944,15
3.935944,15
3.936944,15
3.937940,15
3.938940,15
3.939940,15
3.940944,15
3.941944,15
3.942944,15
3.943944,15
3.944944,15
3.945944,15
3.946948,15
3.947944,15
3.948944,15
3.949948,0
3.950948,0
3.951944,0
3.955948,0
3.956948,0
3.957948,0
3.958948,0
3.959948,0
3.960948,0
3.961944,0
3.962944,0
3.963944,0
3.964948,0
3.965948,1
3.966944,1
3.967948,1
3.968948,1
3.969944,2
3.970948,2
3.971948,2
3.972952,3
3.973944,3
3.974948,3
3.975948,3
3.976948,3
3.977948,4
3.978948,4
3.979952,4
3.980948,4
3.981948,5
3.982952,5
3.983948,5
3.984948,6
3.985948,6
3.986948,6
3.987948,6
3.988952,7
3.989952,7
3.990952,7
3.991952,7
3.992952,8
3.993948,8
3.994948,8
3.995956,8
3.996948,8
3.997952,9
4.001952,10
4.002952,10
4.003952,10
4.004952,11
4.005952,11
4.006952,11
4.007952,11
4.008956,12
4.009952,12
4.010952,12
4.011956,12
4.012956,12
4.013952,13
4.014956,13
4.015952,13
4.016956,14
4.017952,14
4.018952,14
4.019956,14
4.020956,15
4.021956,15
4.022956,15
4.023956,15
4.024956,15
4.025956,15
4.026956,15
4.027956,15
4.028956,15
4.029956,15
4.030956,15
4.031956,15
4.032956,15
4.033956,15
4.034960,15
4.035956,15
4.036960,0
4.037960,0
4.038964,0
4.039956,0
4.040960,0
4.045956,0
4.046960,0
4.047960,0
4.048960,0
4.049956,0
4.050960,0
4.051960,0
4.052956,1
4.053960,1
4.054960,1
4.055960,1
4.056960,2
4.057960,2
4.058960,2
4.059960,3
4.060960,3
4.061960,3
4.062964,3
4.063960,3
4.064960,4
4.065960,4
4.066960,4
4.067964,4
4.068960,5
4.069964,5
4.070964,5
4.071964,6
4.072960,6
4.073960,6
4.074964,6
4.075964,7
4.076964,7
4.077964,7
4.078964,7
4.079964,8
4.080964,8
4.081968,8
4.082964,8
4.083964,8
4.084964,9
4.085968,9
4.086968,9
4.090964,10
4.091964,11
4.092964,11
4.093968,11
4.094968,11
4.095964,12
4.096964,12
4.097964,12
4.098964,12
4.099968,12
4.100968,13
4.101968,13
4.102968,13
4.103968,14
4.104972,14
4.105968,14
4.106968,14
4.107968,15
4.108972,15
4.109968,15
4.110968,15
4.111968,15
4.112968,15
4.113972,15
4.114968,15
4.115968,15
4.116972,15
4.117972,15
4.118968,15
4.119968,15
4.120968,15
4.121972,15
4.122968,15
4.123972,0
4.124976,0
4.125972,0
4.126972,0
4.127968,0
4.128968,0
4.129968,0
4.133972,0
4.134976,0
4.135972,0
4.136972,0
4.137976,0
4.138976,0
4.139976,1
4.140976,1
4.141972,1
4.142976,1
4.143972,2
4.144972,2
4.145976,2
4.146976,3
4.147972,3
4.148972,3
4.149976,3
4.150976,3
4.151972,4
4.152972,4
4.153972,4
4.154976,4
4.155976,5
4.156972,5
4.157976,5
4.158976,6
4.159972,6
4.160976,6
4.161976,6
4.162980,7
4.163980,7
4.164976,7
4.165976,7
4.166980,8
4.167984,8
4.168976,8
4.169980,8
4.170980,8
4.171980,9
4.172976,9
4.173980,9
4.174976,9
4.175976,10
4.179980,11
4.180976,11
4.181980,11
4.182976,12
4.183976,12
4.184976,12
4.185980,12
4.186976,12
4.187980,13
4.188980,13
4.189980,13
4.190980,14
4.191980,14
4.192980,14
4.193980,14
4.194984,15
4.195980,15
4.196984,15
4.197980,15
4.198984,15
4.199980,15
4.200984,15
4.201984,15
4.202984,15
4.203980,15
4.204984,15
4.205980,15
4.206984,15
4.207980,15
4.208984,15
4.209980,15
4.210988,0
4.211984,0
4.212988,0
4.213984,0
4.214984,0
4.215984,0
4.216984,0
4.217984,0
4.218984,0
4.222984,0
4.223988,0
4.224988,0
4.225984,0
4.226984,1
4.227988,1
4.228984,1
4.229984,1
4.230984,2
4.231984,2
4.232988,2
4.233988,3
4.234988,3
4.235988,3
4.236988,3
4.237988,3
4.238988,4
4.239988,4
4.240988,4
4.241984,4
4.242988,5
4.243988,5
4.244988,5
4.245988,6
4.246992,6
4.247992,6
4.248988,6
4.249988,7
4.250992,7
4.251988,7
4.252988,7
4.253992,8
4.254992,8
4.255988,8
4.256992,8
4.257992,8
4.258992,9
4.259992,9
4.260988,9
4.261988,9
4.262988,10
4.263992,10
4.264988,10
4.268992,11
4.269992,12
4.270992,12
4.271992,12
4.272988,12
4.273992,12
4.274992,13
4.275992,13
4.276992,13
4.277996,14
4.278992,14
4.279996,14
4.280996,14
4.281992,15
4.282996,15
4.283992,15
4.284992,15
4.285992,15
4.286996,15
4.287992,15
4.288996,15
4.289996,15
4.290996,15
4.291992,15
4.292996,15
4.293996,15
4.295000,15
4.295996,15
4.297004,15
4.297996,0
4.298996,0
4.299996,0
4.300996,0
4.302000,0
4.303000,0
4.303996,0
4.305000,0
4.305996,0
4.306996,0
4.307996,0
4.312000,0
4.312996,0
4.314000,1
4.314996,1
4.316000,1
4.317000,1
4.318000,2
4.319000,2
4.320000,2
4.321000,3
4.322000,3
4.323000,3
4.324000,3
4.325000,3
4.325996,4
4.327000,4
4.328004,4
4.329000,4
4.330000,5
4.331004,5
4.332000,5
4.333004,6
4.334004,6
4.335004,6
4.336004,6
4.337004,7
4.338000,7
4.339000,7
4.340008,7
4.341000,8
4.342004,8
4.343000,8
4.344000,8
4.345004,8
4.346000,9
4.347004,9
4.348000,9
4.349004,9
4.350004,10
4.351004,10
4.352004,10
4.353004,11
4.357004,12
4.358008,12
4.359008,12
4.360004,12
4.361004,12
4.362004,13
4.363004,13
4.364004,13
4.365008,14
4.366008,14
4.367008,14
4.368008,14
4.369008,15
4.370008,15
4.371008,15
4.372008,15
4.373008,15
4.374008,15
4.375004,15
4.376008,15
4.377008,15
4.378012,15
4.379008,15
4.380004,15
4.381008,15
4.382008,15
4.383012,15
4.384008,15
4.385008,0
4.386008,0
4.387012,0
4.388008,0
4.389012,0
4.390008,0
4.391008,0
4.392012,0
4.393012,0
4.394008,0
4.395008,0
4.396008,0
4.400012,0
4.401012,1
4.402008,1
4.403008,1
4.404008,1
4.405012,2
4.406016,2
4.407012,2
4.408008,3
4.409012,3
4.410012,3
4.411012,3
4.412012,3
4.413016,4
4.414016,4
4.415016,4
4.416012,4
4.417012,5
4.418012,5
4.419012,5
4.420012,6
4.421016,6
4.422016,6
4.423016,6
4.424016,7
4.425020,7
4.426024,7
4.427012,7
4.428012,8
4.429016,8
4.430016,8
4.431012,8
4.432016,9
4.433016,9
4.434012,9
4.435020,9
4.436020,10
4.437016,10
4.438020,10
4.439016,11
4.440016,11
4.441016,11
4.442016,11
4.446016,12
4.447016,12
4.448016,13
4.449020,13
4.450020,13
4.451020,14
4.452016,14
4.453020,14
4.454020,14
4.455020,15
4.456016,15
4.457024,15
4.458020,15
4.459020,15
4.460024,15
4.461020,15
4.462020,15
4.463020,15
4.464020,15
4.465024,15
4.466020,15
4.467020,15
4.468028,15
4.469028,15
4.470020,15
4.471020,0
4.472020,0
4.473020,0
4.474024,0
4.475020,0
4.476024,0
4.477024,0
4.478024,0
4.479024,0
4.480024,0
4.481020,0
4.482020,0
4.483024,0
4.484020,0
4.485024,0
4.489024,1
4.490024,1
4.491024,2
4.492024,2
4.493024,2
4.494024,3
4.495028,3
4.496024,3
4.497024,3
4.498028,3
4.499024,4
4.500028,4
4.501028,4
4.502028,4
4.503024,5
4.504024,5
4.505024,5
4.506024,6
4.507028,6
4.508024,6
4.509028,6
4.510028,7
4.511032,7
4.512028,7
4.513028,7
4.514024,8
4.515028,8
4.516032,8
4.517028,8
4.518032,8
4.519028,9
4.520028,9
4.521028,9
4.522032,9
4.523032,10
4.524032,10
4.525028,10
4.526032,11
4.527028,11
4.528028,11
4.529032,11
4.530028,12
4.534032,12
4.535032,13
4.536028,13
4.537032,13
4.538032,14
4.539032,14
4.540032,14
4.541032,14
4.542032,15
4.543036,15
4.544032,15
4.545036,15
4.546036,15
4.547032,15
4.548036,15
4.549032,15
4.550036,15
4.551032,15
4.552036,15
4.553032,15
4.554040,15
4.555032,15
4.556036,15
4.557032,15
4.558036,0
4.559032,0
4.560032,0
4.561036,0
4.562036,0
4.563036,0
4.564036,0
4.565036,0
4.566036,0
4.567036,0
4.568036,0
4.569036,0
4.570032,0
4.571036,0
4.572032,0
4.573036,0
4.574036,1
4.578040,2
4.579040,2
4.580040,2
4.581036,3
4.582040,3
4.583040,3
4.584036,3
4.585036,3
4.586040,4
4.587040,4
4.588040,4
4.589040,4
4.590036,5
4.591036,5
4.592036,5
4.593036,6
4.594040,6
4.595040,6
4.596040,6
4.597044,7
4.598040,7
4.599044,7
4.600040,7
4.601040,8
4.602044,8
4.603044,8
4.604040,8
4.605040,8
4.606040,9
4.607040,9
4.608040,9
4.609044,9
4.610044,10
4.611044,10
4.612040,10
4.613044,11
4.614044,11
4.615044,11
4.616044,11
4.617040,12
4.618044,12
4.619044,12
4.623044,13
4.624044,13
4.625044,14
4.626044,14
4.627044,14
4.628044,14
4.629044,15
4.630044,15
4.631044,15
4.632048,15
4.633048,15
4.634048,15
4.635044,15
4.636048,15
4.637044,15
4.638044,15
4.639048,15
4.640052,15
4.641048,15
4.642048,15
4.643048,15
4.644048,15
4.645048,0
4.646044,0
4.647044,0
4.648048,0
4.649048,0
4.650048,0
4.651048,0
4.652048,0
4.653048,0
4.654048,0
4.655052,0
4.656052,0
4.657052,0
4.658052,0
4.659048,0
4.660052,1
4.661048,1
4.662048,1
4.666052,2
4.667052,3
4.668048,3
4.669052,3
4.670048,3
4.671052,3
4.672048,4
4.673052,4
4.674052,4
4.675052,4
4.676052,5
4.677052,5
4.678052,5
4.679052,6
4.680052,6
4.681052,6
4.682052,6
4.683060,7
4.684052,7
4.685056,7
4.686052,7
4.687056,8
4.688052,8
4.689056,8
4.690052,8
4.691056,8
4.692052,9
4.693052,9
4.694052,9
4.695052,9
4.696056,10
4.697056,10
4.698056,10
4.699056,11
4.700056,11
4.701056,11
4.702056,11
4.703056,12
4.704056,12
4.705052,12
4.706056,12
4.707056,12
4.711060,14
4.712056,14
4.713060,14
4.714056,14
4.715056,15
4.716056,15
4.717056,15
4.718060,15
4.719056,15
4.720060,15
4.721056,15
4.722060,15
4.723056,15
4.724056,15
4.725056,15
4.726064,15
4.727060,15
4.728060,15
4.729060,15
4.730060,15
4.731060,0
4.732060,0
4.733060,0
4.734064,0
4.735064,0
4.736064,0
4.737060,0
4.738064,0
4.739060,0
4.740060,0
4.741064,0
4.742064,0
4.743060,0
4.744060,0
4.745064,0
4.746064,0
4.747060,1
4.748060,1
4.749064,1
4.750060,2
4.751064,2
4.755064,3
4.756060,3
4.757060,3
4.758064,3
4.759064,4
4.760064,4
4.761064,4
4.762064,5
4.763064,5
4.764064,5
4.765068,5
4.766068,6
4.767068,6
4.768068,6
4.769072,6
4.770064,7
4.771064,7
4.772064,7
4.773068,8
4.774064,8
4.775068,8
4.776068,8
4.777068,8
4.778068,9
4.779064,9
4.780064,9
4.781064,9
4.782068,10
4.783064,10
4.784068,10
4.785068,11
4.786068,11
4.787072,11
4.788068,11
4.789068,12
4.790072,12
4.791072,12
4.792068,12
4.793068,12
4.794068,13
4.795068,13
4.796072,13
4.800072,14
4.801068,15
4.802068,15
4.803068,15
4.804068,15
4.805072,15
4.806072,15
4.807072,15
4.808072,15
4.809072,15
4.810072,15
4.811072,15
4.812080,15
4.813072,15
4.814076,15
4.815072,15
4.816072,15
4.817072,0
4.818072,0
4.819072,0
4.820076,0
4.821076,0
4.822076,0
4.823076,0
4.824072,0
4.825076,0
4.826072,0
4.827072,0
4.828076,0
4.829072,0
4.830076,0
4.831076,0
4.832076,0
4.833072,1
4.834076,1
4.835076,1
4.836076,1
4.837076,2
4.838076,2
4.839072,2
4.840076,3
4.844076,3
4.845076,4
4.846076,4
4.847076,4
4.848080,4
4.849076,5
4.850076,5
4.851076,5
4.852080,6
4.853080,6
4.854080,6
4.855084,6
4.856076,7
4.857076,7
4.858076,7
4.859076,7
4.860080,8
4.861076,8
4.862080,8
4.863080,8
4.864080,9
4.865084,9
4.866080,9
4.867080,9
4.868080,10
4.869080,10
4.870080,10
4.871080,11
4.872080,11
4.873084,11
4.874080,11
4.875084,12
4.876084,12
4.877084,12
4.878084,12
4.879080,12
4.880080,13
4.881080,13
4.882080,13
4.883084,14
4.884084,14
4.888084,15
4.889080,15
4.890080,15
4.891084,15
4.892080,15
4.893084,15
4.894084,15
4.895084,15
4.896084,15
4.897088,15
4.898092,15
4.899088,15
4.900088,15
4.901084,15
4.902088,15
4.903084,0
4.904084,0
4.905084,0
4.906084,0
4.907088,0
4.908088,0
4.909088,0
4.910088,0
4.911088,0
4.912084,0
4.913084,0
4.914084,0
4.915088,0
4.916084,0
4.917088,0
4.918088,0
4.919088,1
4.920088,1
4.921092,1
4.922088,1
4.923088,2
4.924092,2
4.925088,2
4.926092,3
4.927088,3
4.928088,3
4.932088,4
4.933092,4
4.934088,4
4.935092,5
4.936088,5
4.937088,5
4.938092,6
4.939088,6
4.940092,6
4.941096,6
4.942092,7
4.943088,7
4.944092,7
4.945092,7
4.946092,8
4.947092,8
4.948092,8
4.949096,8
4.950092,9
4.951092,9
4.952092,9
4.953096,9
4.954096,10
4.955096,10
4.956096,10
4.957092,11
4.958092,11
4.959092,11
4.960092,11
4.961092,12
4.962096,12
4.963096,12
4.964096,12
4.965096,12
4.966092,13
4.967092,13
4.968092,13
4.969096,14
4.970096,14
4.971096,14
4.972096,14
4.976096,15
4.977096,15
4.978096,15
4.979096,15
4.980096,15
4.981096,15
4.982096,15
4.983096,15
4.984104,15
4.985096,15
4.986100,15
4.987096,15
4.988100,15
4.989100,0
4.990100,0
4.991096,0
4.992096,0
4.993096,0
4.994100,0
4.995100,0
4.996100,0
4.997100,0
4.998096,0
4.999104,0
5.000100,0
5.001100,0
5.002100,0
5.003100,0
5.004100,0
5.005100,1
5.006100,1
5.007100,1
5.008100,1
5.009100,2
5.010104,2
5.011100,2
5.012100,3
5.013100,3
5.014100,3
5.015100,3
5.016104,3
5.017100,4
5.021100,5
5.022100,5
5.023104,5
5.024100,6
5.025104,6
5.026104,6
5.027108,6
5.028104,7
5.029104,7
5.030108,7
5.031104,7
5.032104,8
5.033104,8
5.034104,8
5.035104,8
5.036104,9
5.037104,9
5.038104,9
5.039104,9
5.040108,10
5.041108,10
5.042108,10
5.043104,11
5.044108,11
5.045104,11
5.046108,11
5.047104,12
5.048108,12
5.049104,12
5.050108,12
5.051108,12
5.052104,13
5.053104,13
5.054104,13
5.055104,14
5.056108,14
5.057108,14
5.058104,14
5.059108,15
5.060108,15
5.061112,15
5.065108,15
5.066108,15
5.067108,15
5.068108,15
5.069112,15
5.070116,15
5.071112,15
5.072112,15
5.073112,15
5.074112,15
5.075112,0
5.076108,0
5.077108,0
5.078108,0
5.079108,0
5.080112,0
5.081108,0
5.082112,0
5.083112,0
5.084112,0
5.085116,0
5.086112,0
5.087112,0
5.088112,0
5.089112,0
5.090112,0
5.091116,1
5.092112,1
5.093112,1
5.094116,1
5.095116,2
5.096112,2
5.097112,2
5.098116,3
5.099116,3
5.100112,3
5.101112,3
5.102116,3
5.103112,4
5.104116,4
5.105116,4
5.106116,4
5.110116,6
5.111116,6
5.112120,6
5.113124,6
5.114116,7
5.115116,7
5.116116,7
5.117116,8
5.118116,8
5.119116,8
5.120116,8
5.121120,8
5.122116,9
5.123120,9
5.124120,9
5.125116,9
5.126120,10
5.127116,10
5.128120,10
5.129116,11
5.130120,11
5.131116,11
5.132116,11
5.133120,12
5.134116,12
5.135120,12
5.136120,12
5.137120,12
5.138120,13
5.139124,13
5.140120,13
5.141120,14
5.142120,14
5.143120,14
5.144120,14
5.145120,15
5.146120,15
5.147120,15
5.148124,15
5.149120,15
5.153120,15
5.154124,15
5.155128,15
5.156120,15
5.157124,15
5.158120,15
5.159124,15
5.160124,15
5.161124,0
5.162124,0
5.163124,0
5.164124,0
5.165124,0
5.166124,0
5.167128,0
5.168124,0
5.169128,0
5.170124,0
5.171124,0
5.172124,0
5.173128,0
5.174128,0
5.175128,0
5.176128,0
5.177124,1
5.178128,1
5.179124,1
5.180128,2
5.181124,2
5.182128,2
5.183124,2
5.184128,3
5.185128,3
5.186124,3
5.187124,3
5.188124,4
5.189124,4
5.190128,4
5.191124,4
5.192128,5
5.193128,5
5.194128,5
5.198136,6
5.199128,7
5.200132,7
5.201128,7
5.202128,7
5.203128,8
5.204128,8
5.205132,8
5.206132,8
5.207132,8
5.208132,9
5.209128,9
5.210132,9
5.211132,9
5.212132,10
5.213132,10
5.214132,10
5.215132,11
5.216132,11
5.217136,11
5.218132,11
5.219128,12
5.220132,12
5.221132,12
5.222132,12
5.223132,12
5.224132,13
5.225132,13
5.226136,13
5.227132,14
5.228132,14
5.229132,14
5.230132,14
5.231136,15
5.232132,15
5.233132,15
5.234132,15
5.235136,15
5.236132,15
5.237136,15
5.238136,15
5.242132,15
5.243136,15
5.244136,15
5.245136,15
5.246136,15
5.247136,0
5.248136,0
5.249136,0
5.250136,0
5.251140,0
5.252140,0
5.253140,0
5.254136,0
5.255140,0
5.256136,0
5.257136,0
5.258136,0
5.259140,0
5.260136,0
5.261140,0
5.262140,1
5.263136,1
5.264140,1
5.265136,1
5.266136,2
5.267136,2
5.268140,2
5.269140,3
5.270140,3
5.271140,3
5.272140,3
5.273140,3
5.274136,4
5.275136,4
5.276140,4
5.277144,4
5.278140,5
5.279144,5
5.280140,5
5.281140,6
5.282144,6
5.283144,6
5.287140,7
5.288144,7
5.289144,8
5.290140,8
5.291144,8
5.292140,8
5.293144,8
5.294144,9
5.295144,9
5.296144,9
5.297144,9
5.298144,10
5.299144,10
5.300148,10
5.301144,11
5.302144,11
5.303144,11
5.304144,11
5.305148,12
5.306144,12
5.307144,12
5.308148,12
5.309144,13
5.310148,13
5.311144,13
5.312144,14
5.313148,14
5.314144,14
5.315148,14
5.316148,15
5.317148,15
5.318148,15
5.319144,15
5.320144,15
5.321144,15
5.322148,15
5.323144,15
5.324148,15
5.325148,15
5.326148,15
5.330148,15
5.331148,15
5.332148,0
5.333152,0
5.334148,0
5.335148,0
5.336148,0
5.337148,0
5.338152,0
5.339152,0
5.340152,0
5.341152,0
5.342152,0
5.343148,0
5.344148,0
5.345148,0
5.346152,0
5.347148,0
5.348152,1
5.349152,1
5.350152,1
5.351156,1
5.352152,2
5.353152,2
5.354152,2
5.355152,3
5.356152,3
5.357148,3
5.358152,3
5.359152,3
5.360156,4
5.361152,4
5.362156,4
5.363156,4
5.364152,5
5.365156,5
5.366152,5
5.367152,6
5.368152,6
5.369152,6
5.370160,6
5.371156,7
5.372156,7
5.376156,8
5.377152,8
5.378156,8
5.379152,9
5.380156,9
5.381156,9
5.382156,9
5.383156,10
5.384156,10
5.385156,10
5.386156,11
5.387160,11
5.388156,11
5.389156,11
5.390156,12
5.391156,12
5.392160,12
5.393160,12
5.394160,12
5.395160,13
5.396156,13
5.397160,13
5.398156,14
5.399156,14
5.400160,14
5.401156,14
5.402160,15
5.403160,15
5.404160,15
5.405160,15
5.406160,15
5.407160,15
5.408160,15
5.409160,15
5.410164,15
5.411160,15
5.412160,15
5.413168,15
5.414160,15
5.415164,15
5.419164,0
5.420160,0
5.421160,0
5.422160,0
5.423160,0
5.424160,0
5.425164,0
5.426164,0
5.427164,0
5.428164,0
5.429164,0
5.430160,0
5.431160,0
5.432164,0
5.433168,1
5.434164,1
5.435160,1
5.436164,1
5.437164,2
5.438168,2
5.439164,2
5.440164,3
5.441164,3
5.442164,3
5.443168,3
5.444164,3
5.445164,4
5.446164,4
5.447164,4
5.448168,4
5.449168,5
5.450168,5
5.451168,5
5.452168,6
5.453164,6
5.454164,6
5.455164,6
5.456172,7
5.457168,7
5.458168,7
5.459164,7
5.460168,8
5.464168,9
5.465168,9
5.466164,9
5.467168,9
5.468168,10
5.469168,10
5.470172,10
5.471168,11
5.472168,11
5.473172,11
5.474172,11
5.475168,12
5.476172,12
5.477168,12
5.478172,12
5.479168,12
5.480172,13
5.481172,13
5.482172,13
5.483172,14
5.484168,14
5.485168,14
5.486168,14
5.487168,15
5.488172,15
5.489172,15
5.490172,15
5.491172,15
5.492172,15
5.493172,15
5.494172,15
5.495172,15
5.496172,15
5.497176,15
5.498172,15
5.499180,15
5.500176,15
5.501172,15
5.502176,15
5.503176,0
5.507176,0
5.508176,0
5.509172,0
5.510176,0
5.511172,0
5.512176,0
5.513172,0
5.514176,0
5.515176,0
5.516172,0
5.517180,0
5.518180,0
5.519180,1
5.520176,1
5.521172,1
5.522176,2
5.523176,2
5.524176,2
5.525176,2
5.526180,3
5.527180,3
5.528180,3
5.529180,3
5.530176,4
5.531180,4
5.532180,4
5.533176,4
5.534176,5
5.535180,5
5.536180,5
5.537180,6
5.538180,6
5.539176,6
5.540180,6
5.541180,7
5.542188,7
5.543180,7
5.544180,7
5.545180,8
5.546180,8
5.547180,8
5.548180,8
5.549184,8
5.553180,9
5.554180,10
5.555180,10
5.556180,10
5.557184,11
5.558180,11
5.559184,11
5.560184,11
5.561180,12
5.562184,12
5.563184,12
5.564184,12
5.565184,12
5.566180,13
5.567184,13
5.568184,13
5.569184,14
5.570184,14
5.571180,14
5.572184,15
5.573184,15
5.574184,15
5.575188,15
5.576184,15
5.577184,15
5.578184,15
5.579184,15
5.580184,15
5.581188,15
5.582188,15
5.583188,15
5.584188,15
5.585196,15
5.586184,15
5.587184,15
5.588184,0
5.589188,0
5.590184,0
5.591188,0
5.592188,0
5.596188,0
5.597188,0
5.598188,0
5.599188,0
5.600192,0
5.601188,0
5.602188,0
5.603188,0
5.604192,1
5.605192,1
5.606192,1
5.607192,1
5.608188,2
5.609192,2
5.610188,2
5.611188,3
5.612192,3
5.613188,3
5.614192,3
5.615192,3
5.616192,4
5.617192,4
5.618188,4
5.619188,5
5.620192,5
5.621192,5
5.622192,6
5.623192,6
5.624192,6
5.625192,6
5.626192,7
5.627196,7
5.628200,7
5.629192,7
5.630196,8
5.631192,8
5.632196,8
5.633192,8
5.634192,8
5.635192,9
5.636196,9
5.637196,9
5.641192,10
5.642192,11
5.643196,11
5.644192,11
5.645196,11
5.646196,12
5.647196,12
5.648196,12
5.649196,12
5.650196,12
5.651196,13
5.652196,13
5.653192,13
5.654196,14
5.655196,14
5.656196,14
5.657196,14
5.658196,15
5.659196,15
5.660196,15
5.661196,15
5.662200,15
5.663196,15
5.664196,15
5.665196,15
5.666196,15
5.667200,15
5.668200,15
5.669196,15
5.670200,15
5.671204,15
5.672200,15
5.673200,0
5.674200,0
5.675200,0
5.676196,0
5.677200,0
5.678200,0
5.679200,0
5.680200,0
5.684200,0
5.685200,0
5.686204,0
5.687200,0
5.688200,0
5.689200,1
5.690204,1
5.691204,1
5.692204,1
5.693204,2
5.694204,2
5.695204,2
5.696200,3
5.697200,3
5.698204,3
5.699200,3
5.700204,3
5.701204,4
5.702204,4
5.703204,4
5.704204,4
5.705200,5
5.706204,5
5.707204,5
5.708204,6
5.709204,6
5.710200,6
5.711208,6
5.712204,7
5.713212,7
5.714212,7
5.715204,8
5.716204,8
5.717204,8
5.718208,8
5.719204,8
5.720204,9
5.721204,9
5.722208,9
5.723204,9
5.724208,10
5.725208,10
5.726204,10
5.740208,14
5.741208,14
5.742208,14
5.743208,15
5.744212,15
5.745208,15
5.746212,15
5.747212,15
5.748208,15
5.749212,15
5.750208,15
5.751208,15
5.752208,15
5.753212,15
5.754212,15
5.755212,15
5.756216,15
5.757220,15
5.758208,0
5.759212,0
5.760212,0
5.761212,0
5.762212,0
5.763208,0
5.764212,0
5.765212,0
5.766212,0
5.767212,0
5.768216,0
5.769216,0
5.770212,0
5.771212,0
5.772216,0
5.773212,0
5.774212,1
5.775212,1
5.776212,1
5.777216,1
5.778216,2
5.779212,2
5.780212,2
5.784212,3
5.785212,3
5.786216,4
5.787220,4
5.788216,4
5.789216,4
5.790216,5
5.791216,5
5.792216,5
5.793216,6
5.794216,6
5.795216,6
5.796220,6
5.797216,7
5.798216,7
5.799224,7
5.800216,8
5.801220,8
5.802220,8
5.803220,8
5.804220,8
5.805216,9
5.806216,9
5.807216,9
5.808216,9
5.809216,10
5.810220,10
5.811220,10
5.812220,11
5.813216,11
5.814220,11
5.815220,11
5.816216,12
5.817220,12
5.818224,12
5.819220,12
5.820220,12
5.821220,13
5.822224,13
5.823220,13
5.824220,14
5.828224,15
5.829220,15
5.830220,15
5.831224,15
5.832220,15
5.833224,15
5.834224,15
5.835224,15
5.836224,15
5.837220,15
5.838220,15
5.839220,15
5.840224,15
5.841228,15
5.842228,15
5.843224,0
5.844224,0
5.845224,0
5.846224,0
5.847224,0
5.848224,0
5.849228,0
5.850228,0
5.851224,0
5.852224,0
5.853224,0
5.854224,0
5.855224,0
5.856228,0
5.857224,0
5.858224,0
5.859228,1
5.860228,1
5.861224,1
5.862224,1
5.863224,2
5.864228,2
5.865224,2
5.866228,3
5.867228,3
5.868228,3
5.869228,3
5.873228,4
5.874228,5
5.875228,5
5.876228,5
5.877228,6
5.878228,6
5.879228,6
5.880232,6
5.881232,7
5.882228,7
5.883232,7
5.884228,7
5.885236,8
5.886232,8
5.887228,8
5.888232,8
5.889232,8
5.890232,9
5.891232,9
5.892232,9
5.893232,9
5.894232,10
5.895236,10
5.896228,10
5.897232,11
5.898232,11
5.899232,11
5.900232,11
5.901236,12
5.902232,12
5.903232,12
5.904236,12
5.905232,13
5.906236,13
5.907232,13
5.908232,14
5.909232,14
5.910236,14
5.911236,14
5.912236,15
5.913236,15
5.917232,15
5.918236,15
5.919232,15
5.920236,15
5.921236,15
5.922236,15
5.923236,15
5.924240,15
5.925236,15
5.926236,15
5.927240,15
5.928240,0
5.929236,0
5.930236,0
5.931236,0
5.932236,0
5.933236,0
5.934240,0
5.935240,0
5.936240,0
5.937240,0
5.938240,0
5.939236,0
5.940236,0
5.941236,0
5.942240,0
5.943236,0
5.944240,1
5.945240,1
5.946240,1
5.947236,2
5.948240,2
5.949240,2
5.950244,3
5.951236,3
5.952240,3
5.953240,3
5.954240,3
5.955240,4
5.956240,4
5.957240,4
5.961244,5
5.962240,6
5.963240,6
5.964240,6
5.965240,6
5.966244,7
5.967240,7
5.968240,7
5.969244,7
5.970244,8
5.971248,8
5.972244,8
5.973244,8
5.974240,8
5.975244,9
5.976244,9
5.977244,9
5.978244,10
5.979244,10
5.980248,10
5.981244,10
5.982244,11
5.983244,11
5.984248,11
5.985244,11
5.986244,12
5.987244,12
5.988244,12
5.989248,12
5.990248,13
5.991248,13
5.992248,13
5.993244,14
5.994244,14
5.995244,14
5.996244,14
5.997248,15
5.998244,15
5.999248,15
6.000248,15
6.001248,15
6.005248,15
6.006248,15
6.007248,15
6.008248,15
6.009248,15
6.010248,15
6.011248,15
6.012248,15
6.013248,0
6.014256,0
6.015248,0
6.016248,0
6.017248,0
6.018248,0
6.019248,0
6.020248,0
6.021252,0
6.022252,0
6.023252,0
6.024252,0
6.025252,0
6.026248,0
6.027248,0
6.028252,1
6.029252,1
6.030252,1
6.031252,1
6.032252,2
6.033252,2
6.034248,2
6.035256,3
6.036252,3
6.037252,3
6.038256,3
6.039252,3
6.040252,4
6.041256,4
6.042252,4
6.043256,4
6.044252,5
6.045256,5
6.046256,5
6.050252,6
6.051252,7
6.052256,7
6.053252,7
6.054256,7
6.055256,8
6.056256,8
6.057264,8
6.058256,8
6.059256,9
6.060256,9
6.061256,9
6.062256,9
6.063256,10
6.064256,10
6.065256,10
6.066256,11
6.067260,11
6.068260,11
6.069260,11
6.070256,12
6.071260,12
6.072256,12
6.073260,12
6.074256,12
6.075260,13
6.076260,13
6.077260,13
6.078260,14
6.079260,14
6.080256,14
6.081256,14
6.082256,15
6.083260,15
6.084256,15
6.085260,15
6.086260,15
6.087260,15
6.088256,15
6.089264,15
6.093260,15
6.094260,15
6.095260,15
6.096264,15
6.097260,0
6.098264,0
6.099260,0
6.100268,0
6.101260,0
6.102264,0
6.103260,0
6.104264,0
6.105264,0
6.106264,0
6.107264,0
6.108264,0
6.109260,0
6.110264,0
6.111264,0
6.112260,0
6.113260,1
6.114264,1
6.115264,1
6.116264,1
6.117264,2
6.118264,2
6.119264,2
6.120264,3
6.121264,3
6.122268,3
6.123264,3
6.124264,3
6.125268,4
6.126268,4
6.127264,4
6.128264,5
6.129264,5
6.130268,5
6.131264,6
6.132268,6
6.133268,6
6.134268,6
6.135268,7
6.139268,8
6.140268,8
6.141268,8
6.142268,8
6.143272,8
6.144272,9
6.145268,9
6.146268,9
6.147268,9
6.148268,10
6.149268,10
6.150272,10
6.151268,11
6.152272,11
6.153268,11
6.154272,11
6.155272,12
6.156272,12
6.157272,12
6.158268,12
6.159268,13
6.160268,13
6.161272,13
6.162268,14
6.163272,14
6.164272,14
6.165272,14
6.166272,15
6.167272,15
6.168272,15
6.169272,15
6.170272,15
6.171272,15
6.172276,15
6.173272,15
6.174272,15
6.175272,15
6.176276,15
6.177272,15
6.178272,15
6.182272,0
6.183272,0
6.184272,0
6.185272,0
6.186280,0
6.187276,0
6.188276,0
6.189276,0
6.190272,0
6.191276,0
6.192276,0
6.193276,0
6.194276,0
6.195276,0
6.196272,0
6.197276,1
6.198276,1
6.199276,1
6.200280,1
6.201280,2
6.202280,2
6.203276,2
6.204280,3
6.205276,3
6.206276,3
6.207276,3
6.208276,3
6.209280,4
6.210280,4
6.211280,4
6.212280,4
6.213276,5
6.214276,5
6.215276,5
6.216276,6
6.217280,6
6.218280,6
6.219280,6
6.220280,7
6.221280,7
6.222280,7
6.223276,7
6.224284,8
6.228284,9
6.229284,9
6.230280,9
6.231284,9
6.232284,10
6.233284,10
6.234284,10
6.235284,11
6.236280,11
6.237280,11
6.238280,11
6.239284,12
6.240284,12
6.241280,12
6.242284,12
6.243284,12
6.244284,13
6.245284,13
6.246284,13
6.247280,14
6.248284,14
6.249280,14
6.250284,14
6.251284,15
6.252284,15
6.253284,15
6.254288,15
6.255284,15
6.256284,15
6.257288,15
6.258288,15
6.259284,15
6.260284,15
6.261284,15
6.262284,15
6.263288,15
6.264284,15
6.265288,15
6.266288,0
6.270288,0
6.271292,0
6.272292,0
6.273288,0
6.274284,0
6.275288,0
6.276288,0
6.277288,0
6.278284,0
6.279292,0
6.280292,0
6.281292,0
6.282288,1
6.283292,1
6.284288,1
6.285288,1
6.286292,2
6.287288,2
6.288292,2
6.289292,3
6.290292,3
6.291292,3
6.292288,3
6.293288,4
6.294288,4
6.295292,4
6.296288,4
6.297292,5
6.298292,5
6.299292,5
6.300292,6
6.301292,6
6.302292,6
6.303292,6
6.304292,7
6.305292,7
6.306292,7
6.307292,7
6.308292,8
6.309292,8
6.310296,8
6.311292,8
6.312292,8
6.316292,10
6.317292,10
6.318296,10
6.319292,11
6.320296,11
6.321296,11
6.322292,11
6.323296,12
6.324292,12
6.325296,12
6.326296,12
6.327296,12
6.328296,13
6.329296,13
6.330296,13
6.331296,14
6.332296,14
6.333296,14
6.334296,14
6.335296,15
6.336296,15
6.337300,15
6.338296,15
6.339296,15
6.340296,15
6.341300,15
6.342300,15
6.343300,15
6.344296,15
6.345300,15
6.346296,15
6.347296,15
6.348296,15
6.349296,15
6.350300,15
6.351300,0
6.352300,0
6.353300,0
6.354300,0
6.355296,0
6.359300,0
6.360300,0
6.361300,0
6.362300,0
6.363304,0
6.364300,0
6.365300,0
6.366300,1
6.367300,1
6.368304,1
6.369304,1
6.370300,2
6.371300,2
6.372300,2
6.373304,3
6.374304,3
6.375300,3
6.376300,3
6.377300,3
6.378300,4
6.379304,4
6.380304,4
6.381304,5
6.382304,5
6.383304,5
6.384300,6
6.385304,6
6.386308,6
6.387304,6
6.388308,7
6.389304,7
6.390304,7
6.391308,7
6.392304,8
6.393308,8
6.394304,8
6.395304,8
6.396304,8
6.397308,9
6.398308,9
6.399308,9
6.400312,9
6.404308,11
6.405308,11
6.406308,11
6.407308,11
6.408308,12
6.409308,12
6.410308,12
6.411308,12
6.412308,13
6.413308,13
6.414308,13
6.415312,14
6.416308,14
6.417308,14
6.418308,14
6.419308,15
6.420308,15
6.421312,15
6.422312,15
6.423308,15
6.424308,15
6.425312,15
6.426312,15
6.427308,15
6.428308,15
6.429312,15
6.430312,15
6.431312,15
6.432312,15
6.433308,15
6.434308,15
6.435312,0
6.436312,0
6.437312,0
6.438312,0
6.439308,0
6.440312,0
6.441312,0
6.442316,0
6.443320,0
6.444320,0
6.448312,0
6.449312,0
6.450312,1
6.451316,1
6.452316,1
6.453312,1
6.454316,2
6.455312,2
6.456316,2
6.457312,3
6.458312,3
6.459312,3
6.460316,3
6.461312,3
6.462316,4
6.463316,4
6.464316,4
6.465316,4
6.466316,5
6.467316,5
6.468316,5
6.469316,6
6.470316,6
6.471316,6
6.472316,6
6.473316,7
6.474316,7
6.475320,7
6.476320,8
6.477320,8
6.478320,8
6.479316,8
6.480316,8
6.481320,9
6.482320,9
6.483316,9
6.484320,9
6.485320,10
6.486324,10
6.487316,10
6.488320,11
6.489320,11
6.493320,12
6.494324,12
6.495320,12
6.496320,12
6.497320,13
6.498320,13
6.499324,14
6.500324,14
6.501320,14
6.502320,14
6.503320,15
6.504320,15
6.505324,15
6.506320,15
6.507324,15
6.508324,15
6.509324,15
6.510320,15
6.511324,15
6.512324,15
6.513324,15
6.514324,15
6.515324,15
6.516320,15
6.517324,15
6.518324,15
6.519328,0
6.520324,0
6.521328,0
6.522324,0
6.523324,0
6.524328,0
6.525324,0
6.526324,0
6.527324,0
6.528324,0
6.529328,0
6.530328,0
6.531328,0
6.532328,0
6.536328,1
6.537328,1
6.538328,2
6.539324,2
6.540328,2
6.541328,3
6.542328,3
6.543328,3
6.544328,3
6.545328,3
6.546328,4
6.547328,4
6.548328,4
6.549328,4
6.550328,5
6.551328,5
6.552328,5
6.553332,6
6.554332,6
6.555332,6
6.556332,6
6.557328,7
6.558332,7
6.559328,7
6.560328,8
6.561332,8
6.562328,8
6.563332,8
6.564332,8
6.565332,9
6.566332,9
6.567328,9
6.568328,9
6.569328,10
6.570332,10
6.571332,10
6.572336,11
6.573332,11
6.574332,11
6.575328,11
6.576336,12
6.577336,12
6.581332,13
6.582332,13
6.583332,14
6.584336,14
6.585336,14
6.586332,14
6.587332,15
6.588336,15
6.589332,15
6.590332,15
6.591332,15
6.592332,15
6.593336,15
6.594336,15
6.595336,15
6.596336,15
6.597336,15
6.598336,15
6.599332,15
6.600332,15
6.601336,15
6.602332,15
6.603336,0
6.604336,0
6.605336,0
6.606336,0
6.607336,0
6.608340,0
6.609340,0
6.610340,0
6.611340,0
6.612336,0
6.613340,0
6.614336,0
6.615344,0
6.616336,0
6.617340,0
6.618340,1
6.619340,1
6.620340,1
6.621336,1
6.625340,3
6.626340,3
6.627340,3
6.628340,3
6.629344,3
6.630340,4
6.631336,4
6.632336,4
6.633340,4
6.634344,5
6.635340,5
6.636344,5
6.637340,6
6.638340,6
6.639344,6
6.640340,6
6.641340,7
6.642344,7
6.643344,7
6.644340,8
6.645344,8
6.646340,8
6.647344,8
6.648340,8
6.649344,9
6.650344,9
6.651344,9
6.652344,9
6.653344,10
6.654348,10
6.655344,10
6.656344,11
6.657344,11
6.658352,11
6.659344,11
6.660344,12
6.661348,12
6.662344,12
6.663348,12
6.664348,13
6.665348,13
6.666348,13
6.670348,14
6.671348,15
6.672348,15
6.673344,15
6.674348,15
6.675344,15
6.676344,15
6.677348,15
6.678348,15
6.679348,15
6.680348,15
6.681348,15
6.682348,15
6.683348,15
6.684348,15
6.685348,15
6.686348,15
6.687348,0
6.688348,0
6.689348,0
6.690348,0
6.691348,0
6.692348,0
6.693348,0
6.694348,0
6.695348,0
6.696352,0
6.697352,0
6.698352,0
6.699348,0
6.700352,0
6.701356,0
6.702348,1
6.703348,1
6.704352,1
6.705352,1
6.706352,2
6.707352,2
6.708352,2
6.709356,3
6.710352,3
6.714356,4
6.715352,4
6.716352,4
6.717356,4
6.718352,5
6.719356,5
6.720356,5
6.721352,6
6.722356,6
6.723352,6
6.724352,7
6.725352,7
6.726352,7
6.727356,7
6.728356,8
6.729356,8
6.730356,8
6.731356,8
6.732356,8
6.733356,9
6.734356,9
6.735356,9
6.736356,9
6.737352,10
6.738356,10
6.739356,10
6.740352,11
6.741360,11
6.742360,11
6.743360,11
6.744364,12
6.745356,12
6.746356,12
6.747356,12
6.748360,13
6.749356,13
6.750360,13
6.751360,14
6.752360,14
6.753356,14
6.754360,14
6.758356,15
6.759360,15
6.760360,15
6.761360,15
6.762360,15
6.763356,15
6.764364,15
6.765364,15
6.766364,15
6.767356,15
6.768360,15
6.769360,15
6.770360,0
6.771360,0
6.772364,0
6.773360,0
6.774360,0
6.775360,0
6.776360,0
6.777364,0
6.778360,0
6.779360,0
6.780360,0
6.781364,0
6.782364,0
6.783360,0
6.784364,0
6.785364,0
6.786364,1
6.787368,1
6.788364,1
6.789364,1
6.790364,2
6.791364,2
6.792364,2
6.793364,3
6.794364,3
6.795364,3
6.796368,3
6.797364,4
6.798364,4
6.799368,4
6.803364,5
6.804364,6
6.805368,6
6.806368,6
6.807368,6
6.808368,7
6.809368,7
6.810368,7
6.811368,7
6.812368,8
6.813368,8
6.814368,8
6.815364,8
6.816368,9
6.817368,9
6.818368,9
6.819364,9
6.820364,10
6.821368,10
6.822372,10
6.823368,11
6.824368,11
6.825368,11
6.826368,11
6.827368,12
6.828372,12
6.829372,12
6.830376,12
6.831368,12
6.832368,13
6.833372,13
6.834372,13
6.835368,14
6.836368,14
6.837372,14
6.838372,14
6.839372,15
6.840372,15
6.841372,15
6.842372,15
6.846372,15
6.847372,15
6.848372,15
6.849372,15
6.850372,15
6.851376,15
6.852376,15
6.853376,15
6.854372,0
6.855376,0
6.856372,0
6.857372,0
6.858372,0
6.859372,0
6.860372,0
6.861376,0
6.862376,0
6.863376,0
6.864376,0
6.865372,0
6.866372,0
6.867372,0
6.868376,0
6.869372,1
6.870376,1
6.871376,1
6.872376,1
6.873380,2
6.874372,2
6.875380,2
6.876380,3
6.877376,3
6.878376,3
6.879376,3
6.880376,3
6.881376,4
6.882380,4
6.883376,4
6.884380,4
6.885380,5
6.886380,5
6.887376,5
6.891380,6
6.892380,7
6.893380,7
6.894380,7
6.895380,8
6.896380,8
6.897384,8
6.898380,8
6.899380,8
6.900384,9
6.901380,9
6.902384,9
6.903380,9
6.904380,10
6.905384,10
6.906384,10
6.907384,11
6.908384,11
6.909384,11
6.910380,11
6.911380,12
6.912380,12
6.913384,12
6.914380,12
6.915384,12
6.916388,13
6.917384,13
6.918384,14
6.919380,14
6.920380,14
6.921380,14
6.922384,15
6.923384,15
6.924384,15
6.925384,15
6.926384,15
6.927384,15
6.928380,15
6.929380,15
6.930384,15
6.931384,15
6.935384,15
6.936384,15
6.937384,15
6.938388,0
6.939388,0
6.940384,0
6.941384,0
6.942388,0
6.943384,0
6.944384,0
6.945384,0
6.946384,0
6.947388,0
6.948384,0
6.949388,0
6.950388,0
6.951388,0
6.952384,0
6.953384,1
6.954388,1
6.955388,1
6.956388,1
6.957388,2
6.958392,2
6.959396,2
6.960388,3
6.961392,3
6.962388,3
6.963388,3
6.964392,3
6.965392,4
6.966388,4
6.967388,4
6.968388,5
6.969388,5
6.970388,5
6.971392,6
6.972392,6
6.973392,6
6.974392,6
6.975388,7
6.976388,7
6.980392,8
6.981392,8
6.982396,8
6.983392,8
6.984392,9
6.985392,9
6.986392,9
6.987392,10
6.988396,10
6.989392,10
6.990392,11
6.991392,11
6.992392,11
6.993396,11
6.994396,12
6.995396,12
6.996396,12
6.997396,12
6.998392,12
6.999392,13
7.000396,13
7.001400,13
7.002400,14
7.003396,14
7.004396,14
7.005396,14
7.006396,15
7.007396,15
7.008396,15
7.009396,15
7.010400,15
7.011396,15
7.012396,15
7.013396,15
7.014400,15
7.015396,15
7.016400,15
7.017396,15
7.018400,15
7.019400,15
7.023396,0
7.024400,0
7.025400,0
7.026396,0
7.027400,0
7.028396,0
7.029400,0
7.030396,0
7.031400,0
7.032400,0
7.033400,0
7.034400,0
7.035400,0
7.036400,1
7.037400,1
7.038400,1
7.039404,1
7.040400,2
7.041400,2
7.042400,2
7.043400,3
7.044404,3
7.045404,3
7.046400,3
7.047400,3
7.048400,4
7.049404,4
7.050404,4
7.051404,4
7.052400,5
7.053400,5
7.054400,5
7.055404,6
7.056400,6
7.057404,6
7.058404,6
7.059404,7
7.060404,7
7.061404,7
7.062400,8
7.063404,8
7.064408,8
7.065408,8
7.069404,9
7.070404,9
7.071408,10
7.072408,10
7.073408,10
7.074408,11
7.075404,11
7.076404,11
7.077404,11
7.078404,12
7.079408,12
7.080404,12
7.081408,12
7.082408,13
7.083404,13
7.084408,13
7.085408,14
7.086408,14
7.087412,14
7.088408,14
7.089408,15
7.090408,15
7.091408,15
7.092408,15
7.093408,15
7.094408,15
7.095408,15
7.096408,15
7.097412,15
7.098408,15
7.099408,15
7.100408,15
7.101408,15
7.102412,15
7.103408,15
7.104408,15
7.105412,0
7.106412,0
7.107408,0
7.108412,0
7.112412,0
7.113412,0
7.114412,0
7.115412,0
7.116412,0
7.117412,0
7.118412,0
7.119412,0
7.120412,1
7.121412,1
7.122412,1
7.123412,1
7.124412,2
7.125416,2
7.126412,2
7.127412,3
7.128416,3
7.129416,3
7.130420,3
7.131416,4
7.132412,4
7.133412,4
7.134412,4
7.135416,5
7.136416,5
7.137416,5
7.138416,6
7.139416,6
7.140412,6
7.141412,6
7.142416,7
7.143420,7
7.144416,7
7.145412,7
7.146416,8
7.147416,8
7.148420,8
7.149416,8
7.150416,9
7.151416,9
7.152416,9
7.153416,9
7.157416,11
7.158420,11
7.159420,11
7.160420,11
7.161416,12
7.162420,12
7.163420,12
7.164420,12
7.165420,12
7.166420,13
7.167420,13
7.168420,13
7.169420,14
7.170420,14
7.171420,14
7.172420,14
7.173428,15
7.174420,15
7.175420,15
7.176420,15
7.177420,15
7.178420,15
7.179420,15
7.180424,15
7.181424,15
7.182420,15
7.183420,15
7.184420,15
7.185424,15
7.186420,15
7.187424,15
7.188420,0
7.189420,0
7.190424,0
7.191424,0
7.192424,0
7.193424,0
7.194424,0
7.195420,0
7.196424,0
7.200424,0
7.201424,0
7.202424,0
7.203428,1
7.204428,1
7.205424,1
7.206424,1
7.207428,2
7.208424,2
7.209428,2
7.210424,3
7.211424,3
7.212428,3
7.213424,3
7.214428,3
7.215428,4
7.216432,4
7.217428,4
7.218428,5
7.219424,5
7.220424,5
7.221428,6
7.222424,6
7.223428,6
7.224428,6
7.225428,7
7.226428,7
7.227428,7
7.228428,7
7.229428,8
7.230428,8
7.231428,8
7.232428,8
7.233428,8
7.234428,9
7.235428,9
7.236432,9
7.237432,10
7.238432,10
7.239432,10
7.240428,11
7.241428,11
7.242428,11
7.246428,12
7.247432,12
7.248428,12
7.249432,13
7.250432,13
7.251432,13
7.252432,14
7.253428,14
7.254432,14
7.255432,14
7.256432,15
7.257432,15
7.258432,15
7.259436,15
7.260432,15
7.261436,15
7.262432,15
7.263436,15
7.264432,15
7.265432,15
7.266436,15
7.267432,15
7.268436,15
7.269436,15
7.270436,15
7.271436,0
7.272436,0
7.273432,0
7.274432,0
7.275436,0
7.276436,0
7.277436,0
7.278436,0
7.279436,0
7.280436,0
7.281436,0
7.282440,0
7.283436,0
7.284436,0
7.285440,0
7.289436,1
7.290436,2
7.291440,2
7.292440,2
7.293440,3
7.294440,3
7.295436,3
7.296436,3
7.297436,3
7.298436,4
7.299436,4
7.300440,4
7.301440,5
7.302444,5
7.303436,5
7.304440,6
7.305436,6
7.306436,6
7.307436,6
7.308440,7
7.309440,7
7.310444,7
7.311440,7
7.312440,8
7.313440,8
7.314440,8
7.315440,8
7.316444,8
7.317444,9
7.318444,9
7.319440,9
7.320440,10
7.321444,10
7.322440,10
7.323444,11
7.324444,11
7.325444,11
7.326440,11
7.327444,12
7.328444,12
7.329444,12
7.330444,12
7.334448,13
7.335444,14
7.336444,14
7.337444,14
7.338444,14
7.339444,15
7.340448,15
7.341444,15
7.342444,15
7.343444,15
7.344444,15
7.345452,15
7.346448,15
7.347448,15
7.348448,15
7.349448,15
7.350444,15
7.351444,15
7.352444,15
7.353444,15
7.354448,0
7.355448,0
7.356444,0
7.357448,0
7.358448,0
7.359448,0
7.360448,0
7.361448,0
7.362448,0
7.363448,0
7.364448,0
7.365448,0
7.366448,0
7.367448,0
7.368448,0
7.369452,1
7.370452,1
7.371452,1
7.372452,1
7.373452,2
7.374448,2
7.378448,3
7.379448,3
7.380452,3
7.381452,4
7.382448,4
7.383452,4
7.384452,4
7.385452,5
7.386452,5
7.387452,5
7.388460,6
7.389452,6
7.390452,6
7.391456,7
7.392452,7
7.393452,7
7.394452,7
7.395452,8
7.396456,8
7.397452,8
7.398452,8
7.399452,8
7.400452,9
7.401456,9
7.402456,9
7.403456,10
7.404456,10
7.405456,10
7.406452,11
7.407452,11
7.408456,11
7.409452,11
7.410456,12
7.411456,12
7.412456,12
7.413456,12
7.414460,12
7.415456,13
7.416456,13
7.417460,13
7.418456,14
7.422460,15
7.423456,15
7.424460,15
7.425456,15
7.426460,15
7.427460,15
7.428456,15
7.429456,15
7.430456,15
7.431464,15
7.432456,15
7.433460,15
7.434460,15
7.435460,15
7.436460,15
7.437456,0
7.438460,0
7.439460,0
7.440456,0
7.441460,0
7.442456,0
7.443460,0
7.444460,0
7.445464,0
7.446460,0
7.447464,0
7.448464,0
7.449464,0
7.450464,0
7.451460,0
7.452464,1
7.453460,1
7.454460,1
7.455464,1
7.456460,2
7.457464,2
7.458464,2
7.459464,3
7.460460,3
7.461464,3
7.462460,3
7.463464,3
7.467464,5
7.468464,5
7.469464,5
7.470464,6
7.471464,6
7.472464,6
7.473464,6
7.474472,7
7.475464,7
7.476464,7
7.477464,7
7.478464,8
7.479468,8
7.480464,8
7.481464,8
7.482468,8
7.483468,9
7.484464,9
7.485468,9
7.486464,10
7.487468,10
7.488468,10
7.489464,11
7.490468,11
7.491468,11
7.492464,11
7.493468,12
7.494468,12
7.495468,12
7.496468,12
7.497468,12
7.498468,13
7.499468,13
7.500468,13
7.501468,14
7.502472,14
7.503472,14
7.504472,14
7.505472,15
7.506468,15
7.510468,15
7.511472,15
7.512468,15
7.513468,15
7.514472,15
7.515472,15
7.516476,15
7.517476,15
7.518468,15
7.519468,15
7.520472,0
7.521472,0
7.522472,0
7.523472,0
7.524472,0
7.525476,0
7.526472,0
7.527472,0
7.528476,0
7.529476,0
7.530472,0
7.531472,0
7.532472,0
7.533472,0
7.534472,0
7.535472,1
7.536472,1
7.537472,1
7.538476,1
7.539472,2
7.540472,2
7.541472,2
7.542472,3
7.543476,3
7.544476,3
7.545472,3
7.546476,4
7.547476,4
7.548476,4
7.549476,4
7.550480,5
7.551476,5
7.555476,6
7.556476,6
7.557480,7
7.558480,7
7.559480,7
7.560484,7
7.561476,8
7.562476,8
7.563476,8
7.564476,8
7.565476,9
7.566476,9
7.567480,9
7.568480,9
7.569480,10
7.570476,10
7.571480,10
7.572480,11
7.573476,11
7.574480,11
7.575476,11
7.576480,12
7.577480,12
7.578480,12
7.579480,12
7.580480,12
7.581484,13
7.582484,13
7.583484,13
7.584480,14
7.585480,14
7.586480,14
7.587480,15
7.588480,15
7.589484,15
7.590484,15
7.591484,15
7.592484,15
7.593480,15
7.594480,15
7.595480,15
7.599480,15
7.600484,15
7.601484,15
7.602492,15
7.603480,0
7.604484,0
7.605484,0
7.606484,0
7.607488,0
7.608484,0
7.609484,0
7.610484,0
7.611484,0
7.612484,0
