0.006176,12
0.022156,12
0.030152,0
0.038144,12
0.046140,0
0.054132,12
0.062124,0
0.070112,0
0.078108,12
0.086100,0
0.094088,12
0.102092,0
0.110076,12
0.118068,0
0.126064,12
0.134056,0
0.142048,12
0.150040,0
0.158036,12
0.166024,0
0.174016,12
0.182008,12
0.190004,0
0.197996,12
0.205988,0
0.213984,12
0.221976,0
0.229964,12
0.237960,0
0.245952,12
0.253944,0
0.261940,12
0.269932,0
0.277924,12
0.285916,0
0.293908,0
0.301900,12
0.309896,0
0.317884,12
0.325876,0
0.333868,12
0.341860,0
0.349856,12
0.357848,0
0.365844,12
0.373836,0
0.381824,12
0.389824,0
0.397808,12
0.405804,12
0.413796,0
0.421788,12
0.429780,0
0.437776,12
0.445764,0
0.453760,12
0.461752,0
0.469744,12
0.477740,0
0.485732,12
0.493724,0
0.501712,12
0.509708,0
0.517700,0
0.525696,12
0.533684,0
0.541676,12
0.549668,0
0.557664,12
0.565656,0
0.573648,12
0.581640,0
0.589632,12
0.597624,0
0.605616,12
0.613612,0
0.621604,12
0.629596,12
0.637588,0
0.645584,12
0.653576,0
0.661568,12
0.669560,0
0.677556,12
0.685544,0
0.693536,12
0.701528,0
0.709520,12
0.717524,0
0.725508,12
0.733500,0
0.741496,0
0.749488,12
0.757476,0
0.765472,12
0.773464,0
0.781460,12
0.789448,0
0.797440,12
0.805436,0
0.813424,12
0.821424,0
0.829412,12
0.837408,0
0.845396,12
0.853392,12
0.861384,0
0.869372,12
0.877368,0
0.885360,12
0.893352,0
0.901344,12
0.909340,0
0.917332,12
0.925324,0
0.933320,12
0.941308,0
0.949304,12
0.957292,0
0.965284,0
0.973276,12
0.981272,0
0.989268,12
0.997256,0
1.005260,12
1.013240,0
1.021236,12
1.029228,0
1.037220,12
1.045212,0
1.053204,12
1.061196,0
1.069192,0
1.077184,12
1.085176,0
1.093168,12
1.101160,0
1.109152,12
1.117144,0
1.125140,12
1.133132,0
1.141124,12
1.149116,0
1.157108,12
1.165100,0
1.173092,12
1.181084,12
1.189080,0
1.197072,12
1.205068,0
1.213056,12
1.221052,0
1.229044,12
1.237036,0
1.245028,12
1.253020,0
1.261016,12
1.269004,0
1.277000,12
1.284992,0
1.292992,0
1.300976,12
1.308968,0
1.316960,12
1.324952,0
1.332952,12
1.340940,0
1.348932,12
1.356924,0
1.364916,12
1.372908,0
1.380904,12
1.388892,0
1.396888,12
1.404876,12
1.412876,0
1.420864,12
1.428856,0
1.436852,12
1.444840,0
1.452836,12
1.460832,0
1.468824,12
1.476816,0
1.484808,12
1.492796,0
1.500792,12
1.508784,0
1.516776,0
1.524768,12
1.532764,0
1.540756,12
1.548748,0
1.556740,12
1.564732,0
1.572728,12
1.580720,0
1.588712,12
1.596704,0
1.604696,12
1.612688,0
1.620684,12
1.628672,12
1.636668,0
1.644660,12
1.652652,0
1.660644,12
1.668640,0
1.676632,12
1.684624,0
1.692612,12
1.700608,0
1.708600,12
1.716592,0
1.724584,12
1.732580,0
1.740568,0
1.748564,12
1.756552,0
1.764548,12
1.772540,0
1.780532,12
1.788528,0
1.796516,12
1.804512,0
1.812504,12
1.820492,0
1.828488,12
1.836484,0
1.844476,12
1.852464,12
1.860460,0
1.868452,12
1.876444,0
1.884436,12
1.892428,0
1.900424,12
1.908424,0
1.916408,12
1.924396,0
1.932392,12
1.940388,0
1.948380,12
1.956372,0
1.964364,0
1.972356,12
1.980348,0
1.988340,12
1.996332,0
2.004328,12
2.012316,0
2.020308,12
2.028300,0
2.036300,12
2.044288,0
2.052280,12
2.060272,0
2.068268,0
2.076256,12
2.084252,0
2.092244,12
2.100236,0
2.108228,12
2.116220,0
2.124216,12
2.132208,0
2.140200,12
2.148196,0
2.156184,12
2.164176,0
2.172172,12
2.180164,12
2.188156,0
2.196152,12
2.204140,0
2.212132,12
2.220124,0
2.228120,12
2.236116,0
2.244104,12
2.252096,0
2.260088,12
2.268084,0
2.276076,12
2.284064,0
2.292060,0
2.300052,12
2.308044,0
2.316040,12
2.324032,0
2.332024,12
2.340016,0
2.348008,12
2.356000,0
2.363992,12
2.371984,0
2.379980,12
2.387968,0
2.395964,12
2.403956,12
2.411948,0
2.419940,12
2.427936,0
2.435928,12
2.443924,0
2.451912,12
2.459904,0
2.467900,12
2.475888,0
2.483880,12
2.491872,0
2.499868,12
2.507860,0
2.515852,0
2.523852,12
2.531836,0
2.539832,12
2.547824,0
2.555816,12
2.563808,0
2.571800,12
2.579796,0
2.587788,12
2.595780,0
2.603776,12
2.611764,0
2.619756,12
2.627752,12
2.635740,0
2.643736,12
2.651728,0
2.659720,12
2.667712,0
2.675704,12
2.683700,0
2.691692,12
2.699684,0
2.707676,12
2.715664,0
2.723664,12
2.731652,0
2.739648,0
2.747636,12
2.755632,0
2.763624,12
2.771620,0
2.779608,12
2.787604,0
2.795596,12
2.803588,0
2.811584,12
2.819568,0
2.827564,12
2.835560,0
2.843552,12
2.851540,12
2.859536,0
2.867528,12
2.875520,0
2.883512,12
2.891508,0
2.899500,12
2.907488,0
2.915484,12
2.923472,0
2.931468,12
2.939460,0
2.947456,12
2.955444,0
2.963440,0
2.971432,12
2.979428,0
2.987420,12
2.995412,0
3.003404,12
3.011396,0
3.019388,12
3.027380,0
3.035372,12
3.043368,0
3.051356,12
3.059352,0
3.067340,0
3.075336,12
3.083328,0
3.091320,12
3.099312,0
3.107308,12
3.115300,0
3.123292,12
3.131284,0
3.139284,12
3.147268,0
3.155264,12
3.163252,0
3.171244,12
3.179236,12
3.187232,0
3.195228,12
3.203220,0
3.211212,12
3.219204,0
3.227200,12
3.235188,0
3.243184,12
3.251172,0
3.259168,12
3.267160,0
3.275148,12
3.283140,0
3.291136,0
3.299128,12
3.307124,0
3.315112,12
3.323108,0
3.331096,12
3.339092,0
3.347084,12
3.355076,0
3.363072,12
3.371060,0
3.379056,12
3.387048,0
3.395040,12
3.403036,12
3.411024,0
3.419016,12
3.427016,0
3.435004,12
3.442992,0
3.450988,12
3.458980,0
3.466972,12
3.474968,0
3.482960,12
3.490952,0
3.498944,12
3.506936,0
3.514928,0
3.522920,12
3.530912,0
3.538904,12
3.546896,0
3.554896,12
3.562888,0
3.570880,12
3.578872,0
3.586864,12
3.594856,0
3.602848,12
3.610840,0
3.618836,12
3.626824,12
3.634816,0
3.642812,12
3.650804,0
3.658796,12
3.666792,0
3.674780,12
3.682776,0
3.690768,12
3.698760,0
3.706756,12
3.714744,0
3.722740,12
3.730728,0
3.738724,0
3.746712,12
3.754708,0
3.762700,12
3.770692,0
3.778684,12
3.786676,0
3.794672,12
3.802668,0
3.810652,12
3.818648,0
3.826644,12
3.834636,0
3.842628,12
3.850620,12
3.858612,0
3.866604,12
3.874596,0
3.882588,12
3.890580,0
3.898576,12
3.906564,0
3.914560,12
3.922552,0
3.930548,12
3.938536,0
3.946532,12
3.954524,0
3.962516,0
3.970508,12
3.978500,0
3.986492,12
3.994484,0
4.002476,12
4.010472,0
4.018468,12
4.026456,0
4.034452,12
4.042448,0
4.050432,12
4.058428,0
4.066416,0
4.074412,12
4.082408,0
4.090396,12
4.098388,0
4.106384,12
4.114376,0
4.122368,12
4.130360,0
4.138352,12
4.146348,0
4.154336,12
4.162332,0
4.170324,12
4.178316,12
4.186308,0
4.194300,12
4.202296,0
4.210288,12
4.218280,0
4.226272,12
4.234264,0
4.242256,12
4.250248,0
4.258240,12
4.266236,0
4.274228,12
4.282220,0
4.290212,0
4.298208,12
4.306200,0
4.314192,12
4.322184,0
4.330180,12
4.338168,0
4.346160,12
4.354152,0
4.362144,12
4.370140,0
4.378132,12
4.386128,0
4.394116,12
4.402112,12
4.410104,0
4.418096,12
4.426088,0
4.434084,12
4.442072,0
4.450064,12
4.458060,0
4.466048,12
4.474044,0
4.482032,12
4.490028,0
4.498024,12
4.506016,0
4.514004,0
4.522000,12
4.529992,0
4.537980,12
4.545976,0
4.553972,12
4.561960,0
4.569956,12
4.577948,0
4.585940,12
4.593928,0
4.601928,12
4.609916,0
4.617908,12
4.625904,12
4.633892,0
4.641888,12
4.649884,0
4.657880,12
4.665864,0
4.673860,12
4.681852,0
4.689844,12
4.697836,0
4.705828,12
4.713824,0
4.721812,12
4.729804,0
4.737796,0
4.745792,12
4.753784,0
4.761780,12
4.769772,0
4.777764,12
4.785756,0
4.793748,12
4.801740,0
4.809732,12
4.817724,0
4.825720,12
4.833708,0
4.841700,12
4.849692,12
4.857684,0
4.865680,12
4.873672,0
4.881664,12
4.889660,0
4.897652,12
4.905644,0
4.913640,12
4.921628,0
4.929620,12
4.937616,0
4.945612,12
4.953600,0
4.961592,0
4.969588,12
4.977576,0
4.985572,12
4.993560,0
5.001556,12
5.009548,0
5.017544,12
5.025532,0
5.033524,12
5.041516,0
5.049512,12
5.057500,0
5.065500,0
5.073488,12
5.081484,0
5.089472,12
5.097468,0
5.105460,12
5.113452,0
5.121448,12
5.129440,0
5.137428,12
5.145424,0
5.153416,12
5.161408,0
5.169400,12
5.177392,12
5.185388,0
5.193380,12
5.201372,0
5.209364,12
5.217356,0
5.225348,12
5.233344,0
5.241332,12
5.249328,0
5.257320,12
5.265312,0
5.273304,12
5.281296,0
5.289288,0
5.297284,12
5.305276,0
5.313268,12
5.321260,0
5.329252,12
5.337248,0
5.345236,12
5.353232,0
5.361224,12
5.369216,0
5.377212,12
5.385200,0
5.393196,12
5.401184,12
5.409180,0
5.417168,12
5.425168,0
5.433156,12
5.441152,0
5.449140,12
5.457136,0
5.465124,12
5.473120,0
5.481112,12
5.489104,0
5.497096,12
5.505092,0
5.513084,0
5.521076,12
5.529064,0
5.537060,12
5.545056,0
5.553044,12
5.561044,0
5.569032,12
5.577020,0
5.585016,12
5.593008,0
5.601000,12
5.608992,0
5.616988,12
5.624980,12
5.632972,0
5.640964,12
5.648960,0
5.656948,12
5.664940,0
5.672932,12
5.680928,0
5.688920,12
5.696912,0
5.704904,12
5.712900,0
5.720892,12
5.728884,0
5.736876,0
5.744868,12
5.752860,0
5.760856,12
5.768844,0
5.776840,12
5.784832,0
5.792824,12
5.800820,0
5.808808,12
5.816800,0
5.824792,12
5.832788,0
5.840780,12
5.848776,12
5.856764,0
5.864756,12
5.872748,0
5.880744,12
5.888732,0
5.896728,12
5.904716,0
5.912716,12
5.920708,0
5.928696,12
5.936692,0
5.944680,12
5.952676,0
5.960672,0
5.968664,12
5.976656,0
5.984648,12
5.992636,0
6.000632,12
6.008620,0
6.016616,12
6.024612,0
6.032600,12
6.040596,0
6.048588,12
6.056580,0
6.064572,0
6.072568,12
6.080560,0
6.088552,12
6.096544,0
6.104536,12
6.112528,0
6.120520,12
6.128516,0
6.136516,12
6.144496,0
6.152488,12
6.160484,0
6.168476,12
6.176468,12
6.184460,0
6.192456,12
6.200448,0
6.208440,12
6.216432,0
6.224424,12
6.232416,0
6.240408,12
6.248400,0
6.256396,12
6.264384,0
6.272384,12
6.280376,0
6.288364,0
6.296360,12
6.304352,0
6.312340,12
6.320336,0
6.328328,12
6.336320,0
6.344316,12
6.352304,0
6.360300,12
6.368292,0
6.376284,12
6.384276,0
6.392272,12
6.400264,12
6.408252,0
6.416248,12
6.424236,0
6.432232,12
6.440228,0
6.448216,12
6.456212,0
6.464212,12
6.472196,0
6.480188,12
6.488184,0
6.496172,12
6.504168,0
6.512160,0
6.520152,12
6.528144,0
6.536136,12
6.544128,0
6.552124,12
6.560116,0
6.568108,12
6.576100,0
6.584096,12
6.592084,0
6.600076,12
6.608068,0
6.616060,12
6.624056,12
6.632052,0
6.640040,12
6.648032,0
6.656028,12
6.664020,0
6.672012,12
6.680004,0
6.687996,12
6.695988,0
6.703984,12
6.711972,0
6.719964,12
6.727960,0
6.735952,0
6.743944,12
6.751944,0
6.759932,12
6.767924,0
6.775916,12
6.783908,0
6.791904,12
6.799892,0
6.807888,12
6.815876,0
6.823872,12
6.831864,0
6.839852,12
6.847852,12
6.855840,0
6.863836,12
6.871828,0
6.879820,12
6.887812,0
6.895808,12
6.903796,0
6.911792,12
6.919784,0
6.927776,12
6.935768,0
6.943756,12
6.951752,0
6.959744,0
6.967740,12
6.975728,0
6.983720,12
6.991716,0
6.999712,12
7.007700,0
7.015696,12
7.023684,0
7.031680,12
7.039672,0
7.047664,12
7.055656,0
7.063648,0
7.071640,12
7.079640,0
7.087624,12
7.095620,0
7.103612,12
7.111604,0
7.119596,12
7.127592,0
7.135584,12
7.143576,0
7.151568,12
7.159560,0
7.167556,12
7.175544,12
7.183536,0
7.191528,12
7.199520,0
7.207516,12
7.215508,0
7.223500,12
7.231496,0
7.239488,12
7.247476,0
7.255472,12
7.263464,0
7.271460,12
7.279448,0
7.287444,0
7.295436,12
7.303424,0
7.311424,12
7.319412,0
7.327404,12
7.335400,0
7.343392,12
7.351380,0
7.359376,12
7.367372,0
7.375360,12
7.383356,0
7.391348,12
7.399336,12
7.407332,0
7.415324,12
7.423320,0
7.431308,12
7.439304,0
7.447292,12
7.455284,0
7.463280,12
7.471272,0
7.479264,12
7.487256,0
7.495248,12
7.503244,0
7.511236,0
7.519228,12
7.527220,0
7.535216,12
7.543204,0
7.551196,12
7.559192,0
7.567184,12
7.575176,0
7.583168,12
7.591164,0
7.599156,12
7.607148,0
7.615140,12
7.623132,12
7.631124,0
7.639116,12
7.647108,0
7.655112,12
7.663092,0
7.671084,12
7.679076,0
7.687076,12
7.695068,0
7.703056,12
7.711052,0
7.719044,12
7.727036,0
7.735032,0
7.743024,12
7.751012,0
7.759008,12
7.766996,0
7.774996,12
7.782984,0
7.790980,12
7.798972,0
7.806960,12
7.814956,0
7.822948,12
7.830940,0
7.838932,12
7.846924,12
7.854920,0
7.862908,12
7.870904,0
7.878896,12
7.886888,0
7.894884,12
7.902872,0
7.910864,12
7.918860,0
7.926848,12
7.934844,0
7.942836,12
7.950828,0
7.958824,0
7.966816,12
7.974808,0
7.982804,12
7.990796,0
7.998784,12
8.006776,0
8.014768,12
8.022764,0
8.030756,12
8.038748,0
8.046740,12
8.054736,0
8.062724,0
8.070716,12
8.078712,0
8.086700,12
8.094696,0
8.102692,12
8.110684,0
8.118676,12
8.126668,0
8.134660,12
8.142652,0
8.150644,12
8.158636,0
8.166628,12
8.174620,12
8.182616,0
8.190604,12
8.198600,0
8.206592,12
8.214584,0
8.222580,12
8.230572,0
8.238564,12
8.246556,0
8.254548,12
8.262540,0
8.270540,12
8.278524,0
8.286516,0
8.294508,12
8.302504,0
8.310496,12
8.318492,0
8.326484,12
8.334476,0
8.342468,12
8.350460,0
8.358456,12
8.366444,0
8.374436,12
8.382432,0
8.390420,12
8.398416,12
8.406408,0
8.414396,12
8.422392,0
8.430384,12
8.438380,0
8.446372,12
8.454360,0
8.462356,12
8.470348,0
8.478344,12
8.486332,0
8.494324,12
8.502320,0
8.510312,0
8.518304,12
8.526296,0
8.534288,12
8.542284,0
8.550272,12
8.558272,0
8.566260,12
8.574252,0
8.582248,12
8.590236,0
8.598232,12
8.606224,0
8.614220,12
8.622208,12
8.630200,0
8.638192,12
8.646184,0
8.654176,12
8.662172,0
8.670168,12
8.678156,0
8.686148,12
8.694140,0
8.702136,12
8.710128,0
8.718120,12
8.726116,0
8.734104,0
8.742096,12
8.750088,0
8.758080,12
8.766076,0
8.774068,12
8.782060,0
8.790056,12
8.798048,0
8.806040,12
8.814032,0
8.822024,12
8.830016,0
8.838008,12
8.846000,12
8.853996,0
8.861988,12
8.869976,0
8.877968,12
8.885972,0
8.893956,12
8.901952,0
8.909940,12
8.917936,0
8.925928,12
8.933920,0
8.941912,12
8.949904,0
8.957900,0
8.965892,12
8.973880,0
8.981872,12
8.989872,0
8.997864,12
9.005852,0
9.013848,12
9.021840,0
9.029832,12
9.037824,0
9.045816,12
9.053812,0
9.061800,0
9.069796,12
9.077788,0
9.085784,12
9.093772,0
9.101764,12
9.109760,0
9.117748,12
9.125744,0
9.133736,12
9.141728,0
9.149720,12
9.157716,0
9.165708,12
9.173704,12
9.181688,0
9.189684,12
9.197676,0
9.205668,12
9.213660,0
9.221652,12
9.229648,0
9.237640,12
9.245632,0
9.253624,12
9.261616,0
9.269612,12
9.277604,0
9.285596,0
9.293588,12
9.301580,0
9.309576,12
9.317564,0
9.325556,12
9.333548,0
9.341544,12
9.349536,0
9.357528,12
9.365520,0
9.373516,12
9.381504,0
9.389500,12
9.397492,12
9.405484,0
9.413476,12
9.421468,0
9.429464,12
9.437452,0
9.445452,12
9.453440,0
9.461440,12
9.469424,0
9.477416,12
9.485412,0
9.493404,12
9.501400,0
9.509388,0
9.517380,12
9.525372,0
9.533364,12
9.541360,0
9.549348,12
9.557344,0
9.565340,12
9.573328,0
9.581324,12
9.589312,0
9.597304,12
9.605300,0
9.613292,12
9.621288,12
9.629280,0
9.637272,12
9.645264,0
9.653256,12
9.661248,0
9.669244,12
9.677232,0
9.685224,12
9.693220,0
9.701208,12
9.709208,0
9.717196,12
9.725188,0
9.733184,0
9.741176,12
9.749168,0
9.757160,12
9.765152,0
9.773144,12
9.781136,0
9.789140,12
9.797124,0
9.805116,12
9.813108,0
9.821100,12
9.829096,0
9.837084,12
9.845076,12
9.853072,0
9.861064,12
9.869056,0
9.877052,12
9.885040,0
9.893036,12
9.901024,0
9.909020,12
9.917012,0
9.925004,12
9.932996,0
9.940992,12
9.948984,0
9.956972,0
9.964964,12
9.972960,0
9.980952,12
9.988944,0
9.996940,12
10.004928,0
10.012920,12
10.020916,0
10.028908,12
10.036900,0
10.044892,12
10.052884,0
10.060880,0
10.068868,12
10.076868,0
10.084856,12
10.092848,0
10.100840,12
10.108836,0
10.116828,12
10.124816,0
10.132812,12
10.140804,0
10.148800,12
10.156788,0
10.164784,12
10.172772,12
10.180772,0
10.188760,12
10.196756,0
10.204744,12
10.212740,0
10.220728,12
10.228724,0
10.236720,12
10.244712,0
10.252704,12
10.260692,0
10.268688,12
10.276680,0
10.284672,0
10.292664,12
10.300660,0
10.308648,12
10.316640,0
10.324632,12
10.332628,0
10.340620,12
10.348612,0
10.356604,12
10.364596,0
10.372588,12
10.380580,0
10.388576,12
10.396568,12
10.404568,0
10.412552,12
10.420544,0
10.428536,12
10.436532,0
10.444524,12
10.452520,0
10.460508,12
10.468504,0
10.476496,12
10.484488,0
10.492484,12
10.500472,0
10.508464,0
10.516460,12
10.524448,0
10.532444,12
10.540432,0
10.548428,12
10.556420,0
10.564412,12
10.572404,0
10.580400,12
10.588392,0
10.596384,12
