0.004416,11
0.024396,12
0.034384,9
0.044380,5
0.054364,2
0.064360,0
0.074352,3
0.084344,7
0.094336,10
0.104324,14
0.114316,13
0.124304,9
0.134296,6
0.144288,2
0.154280,0
0.164268,3
0.174264,7
0.184256,10
0.194240,14
0.204236,13
0.214224,9
0.224220,6
0.234212,2
0.244196,0
0.254192,3
0.264180,6
0.274172,10
0.284164,13
0.294156,13
0.304148,10
0.314140,6
0.324132,3
0.334120,0
0.344112,2
0.354104,6
0.364092,9
0.374088,13
0.384076,14
0.394068,10
0.404060,7
0.414048,3
0.424040,0
0.434032,2
0.444024,6
0.454012,9
0.464004,13
0.473992,14
0.483988,10
0.493976,7
0.503968,3
0.513960,0
0.523952,2
0.533944,5
0.543932,9
0.553924,12
0.563912,14
0.573908,11
0.583900,7
0.593888,4
0.603884,0
0.613872,1
0.623864,5
0.633856,9
0.643844,12
0.653836,14
0.663828,11
0.673816,8
0.683812,4
0.693804,0
0.703796,1
0.713780,5
0.723776,8
0.733764,12
0.743756,15
0.753748,11
0.763736,8
0.773732,4
0.783720,1
0.793712,1
0.803704,4
0.813692,8
0.823688,11
0.833676,15
0.843668,12
0.853656,8
0.863652,5
0.873640,1
0.883632,1
0.893620,4
0.903616,8
0.913604,11
0.923596,15
0.933588,12
0.943580,8
0.953568,5
0.963560,1
0.973552,0
0.983544,4
0.993536,7
1.003528,11
1.013516,14
1.023508,12
1.033500,9
1.043492,5
1.053480,2
1.063476,0
1.073472,3
1.083456,7
1.093444,10
1.103440,14
1.113432,13
1.123420,9
1.133412,6
1.143404,2
1.153396,0
1.163388,3
1.173376,7
1.183368,10
1.193356,14
1.203352,13
1.213340,9
1.223328,6
1.233324,2
1.243316,0
1.253304,3
1.263296,6
1.273288,10
1.283276,13
1.293268,13
1.303260,10
1.313252,6
1.323240,3
1.333232,0
1.343224,2
1.353216,6
1.363204,9
1.373200,13
1.383188,14
1.393180,10
1.403168,6
1.413164,3
1.423152,0
1.433148,2
1.443140,6
1.453128,9
1.463120,13
1.473108,14
1.483104,10
1.493092,7
1.503088,3
1.513072,0
1.523064,2
1.533060,5
1.543048,9
1.553036,12
1.563032,14
1.573020,11
1.583012,7
1.593004,4
1.602996,0
1.612984,1
1.622976,5
1.632972,9
1.642960,12
1.652952,14
1.662944,11
1.672932,8
1.682928,4
1.692912,0
1.702908,1
1.712900,5
1.722888,8
1.732880,12
1.742872,15
1.752864,11
1.762852,8
1.772852,4
1.782836,1
1.792828,1
1.802816,4
1.812812,8
1.822800,11
1.832788,15
1.842780,12
1.852772,8
1.862764,5
1.872756,1
1.882748,1
1.892740,4
1.902728,8
1.912724,11
1.922712,15
1.932700,12
1.942692,8
1.952684,5
1.962672,1
1.972664,0
1.982656,4
1.992648,7
2.002644,11
2.012632,14
2.022620,12
2.032616,9
2.042604,5
2.052596,2
2.062588,0
2.072576,3
2.082572,7
2.092560,10
2.102552,14
2.112540,13
2.122536,9
2.132524,6
2.142524,2
2.152504,0
2.162500,3
2.172492,7
2.182480,10
2.192472,14
2.202464,13
2.212452,9
2.222448,6
2.232436,2
2.242428,0
2.252416,3
2.262412,6
2.272404,10
2.282392,13
2.292380,13
2.302376,10
2.312364,6
2.322356,3
2.332348,0
2.342340,2
2.352332,6
2.362320,9
2.372316,13
2.382304,14
2.392296,10
2.402288,7
2.412276,3
2.422268,0
2.432256,2
2.442252,6
2.452244,9
2.462232,13
2.472224,14
2.482216,10
2.492208,7
2.502196,3
2.512196,0
2.522180,2
2.532172,5
2.542164,9
2.552156,12
2.562144,14
2.572136,11
2.582128,7
2.592120,4
2.602108,0
2.612100,1
2.622092,5
2.632084,9
2.642072,12
2.652068,14
2.662060,11
2.672048,8
2.682040,4
2.692028,0
2.702024,1
2.712008,5
2.722004,8
2.731996,12
2.741984,15
2.751976,11
2.761964,8
2.771956,4
2.781952,1
2.791944,1
2.801936,4
2.811924,8
2.821916,11
2.831908,15
2.841900,12
2.851888,8
2.861876,5
2.871872,1
2.881868,1
2.891852,4
2.901844,8
2.911832,11
2.921824,15
2.931816,12
2.941808,8
2.951800,5
2.961788,1
2.971780,0
2.981772,4
2.991764,7
3.001756,11
3.011744,14
3.021736,12
3.031728,9
3.041720,5
3.051712,2
3.061704,0
3.071692,3
3.081684,7
3.091676,10
3.101668,14
3.111656,13
3.121652,9
3.131640,6
3.141632,2
3.151620,0
3.161612,3
3.171608,7
3.181592,10
3.191584,14
3.201576,13
3.211576,9
3.221564,6
3.231552,2
3.241540,0
3.251536,3
3.261528,6
3.271512,10
3.281504,13
3.291500,13
3.301488,10
3.311480,6
3.321472,3
3.331464,0
3.341452,2
3.351444,6
3.361436,9
3.371428,13
3.381416,14
3.391412,10
3.401400,6
3.411392,3
3.421384,0
3.431376,2
3.441368,6
3.451356,9
3.461348,13
3.471340,14
3.481328,10
3.491320,7
3.501312,3
3.511304,0
3.521296,2
3.531284,5
3.541276,9
3.551268,12
3.561260,14
3.571248,11
3.581248,7
3.591232,4
3.601220,0
3.611212,1
3.621204,5
3.631196,9
3.641188,12
3.651176,14
3.661168,11
3.671160,8
3.681152,4
3.691144,0
3.701136,1
3.711124,5
3.721120,8
3.731112,12
3.741100,15
3.751092,11
3.761080,8
3.771072,4
3.781064,1
3.791056,1
3.801048,4
3.811036,8
3.821028,11
3.831020,15
3.841012,12
3.851004,8
3.860992,5
3.870984,1
3.880972,1
3.890968,4
3.900956,8
3.910948,11
3.920940,15
3.930932,12
3.940924,8
3.950920,5
3.960908,1
3.970892,0
3.980888,4
3.990880,7
4.000872,11
4.010860,14
4.020852,12
4.030844,9
4.040836,5
4.050828,2
4.060816,0
4.070808,3
4.080800,7
4.090792,10
4.100780,14
4.110772,13
4.120764,9
4.130752,6
4.140744,2
4.150736,0
4.160724,3
4.170720,7
4.180708,10
4.190704,14
4.200688,13
4.210684,9
4.220676,6
4.230668,2
4.240656,0
4.250648,3
4.260640,6
4.270632,10
4.280620,13
4.290612,13
4.300604,10
4.310592,6
4.320588,3
4.330576,0
4.340568,2
4.350560,6
4.360548,9
4.370540,13
4.380536,14
4.390524,10
4.400516,7
4.410504,3
4.420500,0
4.430488,2
4.440480,6
4.450468,9
4.460460,13
4.470456,14
4.480444,10
4.490436,7
4.500428,3
4.510416,0
4.520412,2
4.530400,5
4.540388,9
4.550384,12
4.560372,14
4.570360,11
4.580356,7
4.590348,4
4.600340,0
4.610328,1
4.620320,5
4.630312,9
4.640304,12
4.650300,14
4.660284,11
4.670276,8
4.680268,4
4.690260,0
4.700252,1
4.710240,5
4.720232,8
4.730224,12
4.740216,15
4.750208,11
4.760196,8
4.770188,4
4.780176,1
4.790172,1
4.800160,4
4.810152,8
4.820144,11
4.830132,15
4.840124,12
4.850116,8
4.860104,5
4.870100,1
4.880092,1
4.890080,4
4.900072,8
4.910064,11
4.920056,15
4.930044,12
4.940036,8
4.950028,5
4.960020,1
4.970012,0
4.980000,4
4.989992,7
4.999984,11
5.009976,14
5.019972,12
5.029956,9
5.039948,5
5.049936,2
5.059928,0
5.069920,3
5.079916,7
5.089900,10
5.099892,14
5.109884,13
5.119880,9
5.129868,6
5.139860,2
5.149848,0
5.159844,3
5.169836,7
5.179824,10
5.189816,14
5.199808,13
5.209800,9
5.219792,6
5.229780,2
5.239772,0
5.249760,3
5.259752,6
5.269748,10
5.279732,13
5.289728,13
5.299720,10
5.309708,6
5.319696,3
5.329692,0
5.339684,2
5.349676,6
5.359664,9
5.369656,13
5.379648,14
5.389644,10
5.399632,7
5.409620,3
5.419612,0
5.429604,2
5.439596,6
5.449584,9
5.459576,13
5.469568,14
5.479556,10
5.489548,7
5.499540,3
5.509532,0
5.519524,2
5.529512,5
5.539504,9
5.549496,12
5.559484,14
5.569476,11
5.579472,7
5.589460,4
5.599452,0
5.609444,1
5.619432,5
5.629428,9
5.639416,12
5.649404,14
5.659396,11
5.669392,8
5.679380,4
5.689372,0
5.699360,1
5.709356,5
5.719352,8
5.729336,12
5.739328,15
5.749320,11
5.759308,8
5.769300,4
5.779292,1
5.789284,1
5.799276,4
5.809268,8
5.819256,11
5.829248,15
5.839240,12
5.849232,8
5.859220,5
5.869216,1
5.879200,1
5.889196,4
5.899188,8
5.909176,11
5.919168,15
5.929156,12
5.939152,8
5.949144,5
5.959136,1
5.969128,0
5.979116,4
5.989108,7
5.999096,11
6.009088,14
6.019080,12
6.029072,9
6.039060,5
6.049052,2
6.059044,0
6.069036,3
6.079028,7
6.089024,10
6.099008,14
6.109000,13
6.118992,9
6.128984,6
6.138976,2
6.148964,0
6.158956,3
6.168948,7
6.178940,10
6.188928,14
6.198924,13
6.208912,9
6.218904,6
6.228892,2
6.238888,0
6.248876,3
6.258864,6
6.268860,10
6.278848,13
6.288840,13
6.298832,10
6.308824,6
6.318816,3
6.328804,0
6.338800,2
6.348788,6
6.358780,9
6.368772,13
6.378760,14
6.388752,10
6.398744,7
6.408732,3
6.418724,0
6.428716,2
6.438704,6
6.448700,9
6.458692,13
6.468680,14
6.478672,10
6.488664,7
6.498652,3
6.508644,0
6.518636,2
6.528628,5
6.538620,9
6.548612,12
6.558600,14
6.568592,11
6.578584,7
6.588572,4
6.598568,0
6.608556,1
6.618548,5
6.628540,9
6.638528,12
6.648520,14
6.658516,11
6.668504,8
6.678496,4
6.688488,0
6.698480,1
6.708468,5
6.718460,8
6.728452,12
6.738444,15
6.748432,11
6.758428,8
6.768416,4
6.778408,1
6.788396,1
6.798388,4
6.808376,8
6.818372,11
6.828364,15
6.838352,12
6.848348,8
6.858336,5
6.868324,1
6.878316,1
6.888308,4
6.898300,8
6.908292,11
6.918284,15
6.928272,12
6.938264,8
6.948256,5
6.958248,1
6.968240,0
6.978232,4
6.988224,7
6.998208,11
7.008204,14
7.018192,12
7.028184,9
7.038176,5
7.048164,2
7.058160,0
7.068152,3
7.078144,7
7.088132,10
7.098124,14
7.108116,13
7.118108,9
7.128096,6
7.138088,2
7.148080,0
7.158076,3
7.168060,7
7.178056,10
7.188044,14
7.198036,13
7.208028,9
7.218020,6
7.228008,2
7.238000,0
7.247988,3
7.257980,6
7.267972,10
7.277964,13
7.287956,13
7.297948,10
7.307936,6
7.317928,3
7.327920,0
7.337912,2
7.347904,6
7.357892,9
7.367888,13
7.377876,14
7.387868,10
7.397856,6
7.407848,3
7.417840,0
7.427828,2
7.437820,6
7.447816,9
7.457804,13
7.467796,14
7.477788,10
7.487776,7
7.497768,3
7.507756,0
7.517748,2
7.527748,5
7.537732,9
7.547728,12
7.557720,14
7.567704,11
7.577700,7
7.587688,4
7.597676,0
7.607672,1
7.617660,5
7.627656,9
7.637644,12
7.647636,14
7.657624,11
7.667620,8
7.677612,4
7.687604,0
7.697592,1
7.707580,5
7.717576,8
7.727564,12
7.737556,15
7.747548,11
7.757540,8
7.767532,4
7.777524,1
7.787512,1
7.797504,4
7.807492,8
7.817484,11
7.827476,15
7.837468,12
7.847460,8
7.857452,5
7.867440,1
7.877432,1
7.887424,4
7.897420,8
7.907404,11
7.917396,15
7.927388,12
7.937380,8
7.947368,5
7.957360,1
7.967352,0
7.977344,4
7.987336,7
7.997324,11
8.007316,14
8.017308,12
8.027300,9
8.037288,5
8.047280,2
8.057272,0
8.067264,3
8.077256,7
8.087248,10
8.097236,14
8.107228,13
8.117220,9
8.127212,6
8.137200,2
8.147192,0
8.157184,3
8.167176,7
8.177164,10
8.187156,14
8.197148,13
8.207140,9
8.217132,6
8.227128,2
8.237112,0
8.247104,3
8.257096,6
8.267088,10
8.277080,13
8.287072,13
8.297060,10
8.307048,6
8.317040,3
8.327032,0
8.337028,2
8.347016,6
8.357004,9
8.366996,13
8.376992,14
8.386984,10
8.396972,6
8.406960,3
8.416956,0
8.426944,2
8.436940,6
8.446928,9
8.456916,13
8.466912,14
8.476900,10
8.486892,7
8.496884,3
8.506872,0
8.516864,2
8.526856,5
8.536848,9
8.546836,12
8.556832,14
8.566820,11
8.576816,7
8.586804,4
8.596800,0
8.606788,1
8.616776,5
8.626768,9
8.636760,12
8.646752,14
8.656744,11
8.666732,8
8.676724,4
8.686716,0
8.696704,1
8.706700,5
8.716688,8
8.726680,12
8.736672,15
8.746660,11
8.756656,8
8.766644,4
8.776636,1
8.786628,1
8.796616,4
8.806608,8
8.816596,11
8.826588,15
8.836584,12
8.846572,8
8.856564,5
8.866556,1
8.876548,1
8.886536,4
8.896528,8
8.906520,11
8.916508,15
8.926500,12
8.936492,8
8.946484,5
8.956476,1
8.966472,0
8.976460,4
8.986448,7
8.996440,11
9.006432,14
9.016424,12
9.026416,9
9.036408,5
9.046400,2
9.056388,0
9.066380,3
9.076368,7
9.086360,10
9.096352,14
9.106344,13
9.116332,9
9.126328,6
9.136316,2
9.146308,0
9.156300,3
9.166292,7
9.176280,10
9.186272,14
9.196264,13
9.206256,9
9.216248,6
9.226236,2
9.236228,0
9.246220,3
9.256212,6
9.266200,10
9.276192,13
9.286184,13
9.296184,10
9.306168,6
9.316156,3
9.326148,0
9.336144,2
9.346128,6
9.356124,9
9.366116,13
9.376108,14
9.386092,10
9.396088,6
9.406076,3
9.416072,0
9.426060,2
9.436052,6
9.446044,9
9.456032,13
9.466028,14
9.476016,10
9.486004,7
9.496000,3
9.505988,0
9.515980,2
9.525972,5
9.535964,9
9.545952,12
9.555944,14
9.565936,11
9.575928,7
9.585920,4
9.595912,0
9.605900,1
9.615892,5
9.625884,9
9.635872,12
9.645864,14
9.655856,11
9.665856,8
9.675840,4
9.685832,0
9.695820,1
9.705812,5
9.715804,8
9.725796,12
9.735784,15
9.745776,11
9.755768,8
9.765760,4
9.775748,1
9.785740,1
9.795732,4
9.805720,8
9.815716,11
9.825704,15
9.835696,12
9.845688,8
9.855676,5
9.865668,1
9.875660,1
9.885652,4
9.895644,8
9.905632,11
9.915624,15
9.925620,12
9.935604,8
9.945600,5
9.955592,1
9.965580,0
9.975572,4
9.985564,7
9.995556,11
10.005548,14
10.015536,12
10.025528,9
10.035524,5
10.045512,2
10.055504,0
10.065492,3
10.075484,7
10.085476,10
10.095464,14
10.105460,13
10.115448,9
10.125440,6
10.135432,2
10.145424,0
10.155416,3
10.165404,7
10.175396,10
10.185384,14
10.195376,13
10.205372,9
10.215356,6
10.225352,2
10.235344,0
10.245336,3
10.255324,6
10.265316,10
10.275308,13
10.285300,13
10.295288,10
10.305280,6
10.315272,3
10.325264,0
10.335252,2
10.345244,6
10.355236,9
10.365228,13
10.375216,14
10.385208,10
10.395204,7
10.405196,3
10.415180,0
10.425172,2
10.435163,6
10.445156,9
10.455148,13
10.465140,14
10.475132,10
10.485120,7
10.495112,3
10.505104,0
10.515096,2
10.525088,5
10.535076,9
10.545068,12
10.555056,14
10.565052,11
10.575044,7
10.585032,4
10.595024,0
10.605016,1
10.615008,5
10.625000,9
10.634988,12
10.644980,14
10.654972,11
10.664960,8
10.674952,4
10.684944,0
10.694936,1
10.704924,5
10.714920,8
10.724908,12
10.734904,15
10.744892,11
10.754880,8
10.764876,4
10.774860,1
10.784856,1
10.794848,4
10.804836,8
10.814828,11
10.824816,15
10.834812,12
10.844800,8
10.854792,5
10.864780,1
10.874776,1
10.884768,4
10.894756,8
10.904748,11
10.914740,15
10.924728,12
10.934720,8
10.944715,5
10.954704,1
10.964696,0
10.974688,4
10.984676,7
10.994672,11
11.004660,14
11.014652,12
11.024644,9
11.034636,5
11.044624,2
11.054616,0
11.064604,3
11.074600,7
11.084588,10
11.094580,14
11.104576,13
11.114564,9
11.124556,6
11.134544,2
11.144540,0
11.154528,3
11.164520,7
11.174512,10
11.184504,14
11.194492,13
11.204484,9
11.214472,6
11.224464,2
11.234460,0
11.244448,3
11.254440,6
11.264432,10
11.274420,13
11.284412,13
11.294404,10
11.304396,6
11.314384,3
11.324380,0
11.334368,2
11.344360,6
11.354352,9
11.364340,13
11.374332,14
11.384324,10
11.394316,7
11.404308,3
11.414300,0
11.424288,2
11.434280,6
11.444272,9
11.454260,13
11.464256,14
11.474248,10
11.484232,7
11.494228,3
11.504216,0
11.514208,2
11.524200,5
11.534188,9
11.544184,12
11.554172,14
11.564164,11
11.574156,7
11.584144,4
11.594136,0
11.604128,1
11.614120,5
11.624112,9
11.634100,12
11.644092,14
11.654088,11
11.664080,8
11.674067,4
11.684056,0
11.694048,1
11.704044,5
11.714028,8
11.724024,12
11.734012,15
11.744008,11
11.753992,8
11.763988,4
11.773980,1
11.783968,1
11.793960,4
11.803960,8
11.813940,11
11.823936,15
11.833924,12
11.843916,8
11.853908,5
11.863900,1
11.873892,1
11.883884,4
11.893872,8
11.903864,11
11.913856,15
11.923848,12
11.933840,8
11.943828,5
11.953816,1
11.963812,0
11.973804,4
11.983792,7
11.993784,11
12.003776,14
12.013764,12
12.023756,9
12.033752,5
12.043740,2
12.053728,0
12.063720,3
12.073712,7
12.083700,10
12.093696,14
12.103684,13
12.113676,9
12.123668,6
12.133656,2
12.143648,0
12.153640,3
12.163632,7
12.173632,10
12.183612,14
12.193604,13
12.203600,9
12.213588,6
12.223580,2
12.233572,0
12.243560,3
12.253556,6
12.263548,10
12.273536,13
12.283528,13
12.293516,10
12.303512,6
12.313500,3
12.323488,0
12.333484,2
12.343472,6
12.353464,9
12.363452,13
12.373448,14
12.383436,10
12.393432,6
12.403424,3
12.413412,0
12.423404,2
12.433396,6
12.443384,9
12.453372,13
12.463368,14
12.473356,10
12.483348,7
12.493344,3
12.503332,0
12.513324,2
12.523316,5
12.533304,9
12.543304,12
12.553288,14
12.563280,11
12.573268,7
12.583260,4
12.593252,0
12.603244,1
12.613236,5
12.623224,9
12.633216,12
12.643208,14
12.653196,11
12.663188,8
12.673184,4
12.683172,0
12.693164,1
12.703156,5
12.713144,8
12.723140,12
12.733128,15
12.743116,11
12.753108,8
12.763100,4
12.773092,1
12.783084,1
12.793072,4
12.803064,8
12.813060,11
12.823052,15
12.833040,12
12.843032,8
12.853024,5
12.863012,1
12.873004,1
12.882996,4
12.892984,8
12.902980,11
12.912971,15
12.922960,12
12.932952,8
12.942940,5
12.952936,1
12.962924,0
12.972916,4
12.982904,7
12.992900,11
13.002888,14
13.012884,12
13.022872,9
13.032864,5
13.042852,2
13.052844,0
13.062836,3
13.072828,7
13.082820,10
13.092808,14
13.102804,13
13.112792,9
13.122780,6
13.132776,2
13.142768,0
13.152756,3
13.162748,7
13.172740,10
13.182728,14
13.192720,13
13.202712,9
13.212704,6
13.222692,2
13.232684,0
13.242680,3
13.252664,6
13.262656,10
13.272648,13
13.282640,13
13.292632,10
13.302624,6
13.312612,3
13.322604,0
13.332596,2
13.342588,6
13.352576,9
13.362572,13
13.372560,14
13.382556,10
13.392544,6
13.402532,3
13.412524,0
13.422516,2
13.432508,6
13.442500,9
13.452488,13
13.462484,14
13.472472,10
13.482464,7
13.492456,3
13.502444,0
13.512440,2
13.522432,5
13.532416,9
13.542412,12
13.552404,14
13.562396,11
13.572388,7
13.582376,4
13.592368,0
13.602360,1
13.612356,5
13.622340,9
13.632332,12
13.642323,14
13.652316,11
13.662304,8
13.672296,4
13.682288,0
13.692280,1
13.702268,5
13.712260,8
13.722252,12
13.732244,15
13.742236,11
13.752224,8
13.762216,4
13.772204,1
13.782200,1
13.792188,4
13.802180,8
13.812176,11
13.822164,15
13.832156,12
13.842144,8
13.852136,5
13.862128,1
13.872120,1
13.882108,4
13.892104,8
13.902092,11
13.912084,15
13.922076,12
13.932064,8
13.942056,5
13.952048,1
13.962040,0
13.972032,4
13.982028,7
13.992012,11
14.002000,14
14.011996,12
14.021988,9
14.031976,5
14.041968,2
14.051960,0
14.061952,3
14.071944,7
14.081932,10
14.091924,14
14.101912,13
14.111908,9
14.121896,6
14.131888,2
14.141880,0
14.151868,3
14.161864,7
14.171852,10
14.181844,14
14.191836,13
14.201824,9
14.211816,6
14.221812,2
14.231800,0
14.241792,3
14.251780,6
14.261772,10
14.271764,13
14.281756,13
14.291744,10
14.301740,6
14.311728,3
14.321716,0
14.331712,2
14.341704,6
14.351692,9
14.361684,13
14.371675,14
14.381668,10
14.391656,6
14.401652,3
14.411640,0
14.421632,2
14.431620,6
14.441612,9
14.451604,13
14.461596,14
14.471588,10
14.481580,7
14.491568,3
14.501560,0
14.511552,2
14.521540,5
14.531536,9
14.541524,12
14.551520,14
14.561508,11
14.571496,7
14.581488,4
14.591480,0
14.601472,1
14.611464,5
14.621452,9
14.631448,12
14.641436,14
14.651428,11
14.661416,8
14.671408,4
14.681408,0
14.691396,1
14.701380,5
14.711376,8
14.721368,12
14.731360,15
14.741352,11
14.751340,8
14.761328,4
14.771320,1
14.781312,1
14.791300,4
14.801292,8
14.811288,11
14.821280,15
14.831268,12
14.841260,8
14.851248,5
14.861244,1
14.871236,1
14.881224,4
14.891216,8
14.901208,11
14.911200,15
14.921192,12
14.931180,8
14.941168,5
14.951164,1
14.961156,0
14.971144,4
14.981136,7
14.991124,11
15.001120,14
15.011108,12
15.021100,9
15.031092,5
15.041084,2
15.051080,0
15.061064,3
15.071056,7
15.081048,10
15.091040,14
15.101027,13
15.111024,9
15.121012,6
15.131004,2
15.140992,0
15.150984,3
15.160980,7
15.170964,10
15.180956,14
15.190948,13
15.200944,9
15.210932,6
15.220924,2
15.230916,0
15.240904,3
15.250900,6
15.260884,10
15.270880,13
15.280868,13
15.290860,10
15.300852,6
15.310844,3
15.320832,0
15.330824,2
15.340816,6
15.350808,9
15.360800,13
15.370788,14
15.380788,10
15.390776,7
15.400764,3
15.410756,0
15.420748,2
15.430736,6
15.440724,9
15.450720,13
15.460708,14
15.470704,10
15.480692,7
15.490684,3
15.500672,0
15.510668,2
15.520656,5
15.530648,9
15.540640,12
15.550632,14
15.560620,11
15.570612,7
15.580604,4
15.590596,0
15.600588,1
15.610576,5
15.620568,9
15.630556,12
15.640552,14
15.650544,11
15.660532,8
15.670524,4
15.680516,0
15.690508,1
15.700496,5
15.710488,8
15.720480,12
15.730472,15
15.740464,11
15.750460,8
15.760448,4
15.770436,1
15.780424,1
15.790416,4
15.800412,8
15.810404,11
15.820392,15
15.830384,12
15.840372,8
15.850364,5
15.860356,1
15.870348,1
15.880340,4
15.890332,8
15.900320,11
15.910312,15
15.920304,12
15.930296,8
15.940284,5
15.950280,1
15.960268,0
15.970260,4
15.980247,7
15.990244,11
16.000229,14
16.010223,12
16.020212,9
16.030205,5
16.040199,2
16.050188,0
16.060181,3
16.070171,7
16.080164,10
16.090157,14
16.100143,13
16.110136,9
16.120132,6
16.130119,2
16.140108,0
16.150101,3
16.160088,7
16.170084,10
16.180073,14
16.190060,13
16.200052,9
16.210045,6
16.220036,2
16.230032,0
16.240021,3
16.250011,6
16.260000,10
16.269997,13
16.279984,13
16.289976,10
16.299965,6
16.309956,3
16.319948,0
16.329935,2
16.339931,6
16.349920,9
16.359913,13
16.369907,14
16.379896,10
16.389883,7
16.399879,3
16.409872,0
16.419861,2
16.429852,6
16.439844,9
16.449837,13
16.459827,14
16.469816,10
16.479803,7
16.489803,3
16.499788,0
16.509785,2
16.519772,5
16.529764,9
16.539757,12
16.549747,14
16.559740,11
16.569723,7
16.579720,4
16.589712,0
16.599699,1
16.609688,5
16.619684,9
16.629677,12
16.639668,14
16.649660,11
16.659643,8
16.669636,4
16.679632,0
16.689619,1
16.699608,5
16.709604,8
16.719597,12
16.729584,15
16.739580,11
16.749567,8
16.759560,4
16.769548,1
16.779539,1
16.789532,4
16.799528,8
16.809517,11
16.819511,15
16.829496,12
16.839487,8
16.849480,5
16.859472,1
16.869459,1
16.879452,4
16.889444,8
16.899435,11
16.909428,15
16.919416,12
16.929413,8
16.939400,5
16.949389,1
16.959383,0
16.969372,4
16.979368,7
16.989355,11
16.999348,14
17.009336,12
17.019333,9
17.029320,5
17.039312,2
17.049299,0
17.059292,3
17.069288,7
17.079275,10
17.089268,14
17.099260,13
17.109251,9
17.119240,6
17.129229,2
17.139223,0
17.149212,3
17.159204,7
17.169195,10
17.179184,14
17.189184,13
17.199167,9
17.209160,6
17.219152,2
17.229143,0
17.239132,3
17.249125,6
17.259111,10
17.269108,13
17.279097,13
17.289087,10
17.299080,6
17.309072,3
17.319063,0
17.329056,2
17.339048,6
17.349035,9
17.359028,13
17.369017,14
17.379007,10
17.389000,7
17.398993,3
17.408979,0
17.418976,2
17.428965,6
17.438959,9
17.448948,13
17.458937,14
17.468931,10
17.478920,7
17.488913,3
17.498903,0
17.508892,2
17.518885,5
17.528879,9
17.538872,12
17.548861,14
17.558855,11
17.568844,7
17.578833,4
17.588827,0
17.598816,1
17.608809,5
17.618799,9
17.628792,12
17.638781,14
17.648771,11
17.658764,8
17.668753,4
17.678747,0
17.688736,1
17.698729,5
17.708715,8
17.718712,12
17.728704,15
17.738691,11
17.748684,8
17.758673,4
17.768667,1
17.778660,1
17.788649,4
17.798635,8
17.808632,11
17.818621,15
17.828611,12
17.838604,8
17.848593,5
17.858583,1
17.868580,1
17.878569,4
17.888556,8
17.898548,11
17.908541,15
17.918531,12
17.928524,8
17.938517,5
17.948503,1
17.958496,0
17.968489,4
17.978479,7
17.988468,11
17.998461,14
18.008455,12
18.018444,9
18.028437,5
18.038424,2
18.048416,0
18.058409,3
18.068399,7
18.078388,10
18.088381,14
18.098372,13
18.108364,9
18.118357,6
18.128344,2
18.138336,0
18.148333,3
18.158319,7
18.168308,10
18.178301,14
18.188295,13
18.198284,9
18.208271,6
18.218267,2
18.228256,0
18.238249,3
18.248240,6
18.258236,10
18.268225,13
18.278215,13
18.288208,10
18.298197,6
18.308184,3
18.318180,0
18.328173,2
18.338160,6
18.348152,9
18.358145,13
18.368132,14
18.378124,10
18.388117,7
18.398108,3
18.408096,0
18.418087,2
18.428080,6
18.438072,9
18.448065,13
18.458052,14
18.468044,10
18.478037,7
18.488028,3
18.498020,0
18.508013,2
18.518003,5
18.527992,9
18.537985,12
18.547972,14
18.557964,11
18.567961,7
18.577948,4
18.587940,0
18.597927,1
18.607920,5
18.617908,9
18.627909,12
18.637892,14
18.647888,11
18.657875,8
18.667868,4
18.677860,0
18.687847,1
18.697840,5
18.707832,8
18.717823,12
18.727816,15
18.737804,11
18.747801,8
18.757788,4
18.767776,1
18.777767,1
18.787760,4
18.797756,8
18.807743,11
18.817736,15
18.827728,12
18.837715,8
18.847712,5
18.857700,1
18.867691,1
18.877680,4
18.887672,8
18.897663,11
18.907652,15
18.917648,12
18.927639,8
18.937628,5
18.947620,1
18.957607,0
18.967604,4
18.977592,7
18.987583,11
18.997583,14
19.007568,12
19.017555,9
19.027548,5
19.037540,2
19.047527,0
19.057524,3
19.067513,7
19.077507,10
19.087496,14
19.097485,13
19.107479,9
19.117468,6
19.127460,2
19.137451,0
19.147444,3
19.157433,7
19.167423,10
19.177416,14
19.187405,13
19.197399,9
19.207388,6
19.217381,2
19.227375,0
19.237364,3
19.247353,6
19.257347,10
19.267336,13
19.277332,13
19.287319,10
19.297312,6
19.307301,3
19.317295,0
19.327291,2
19.337273,6
19.347267,9
19.357256,13
19.367249,14
19.377239,10
19.387228,7
19.397224,3
19.407211,0
19.417204,2
19.427197,6
19.437183,9
19.447176,13
19.457169,14
19.467159,10
19.477152,7
19.487144,3
19.497131,0
19.507124,2
19.517113,5
19.527103,9
19.537100,12
19.547089,14
19.557079,11
19.567068,7
19.577061,4
19.587051,0
19.597048,1
19.607037,5
19.617023,9
19.627016,12
19.637012,14
19.646999,11
19.656992,8
19.666985,4
19.676971,0
19.686964,1
19.696960,5
19.706944,8
19.716936,12
19.726929,15
19.736923,11
19.746912,8
19.756905,4
19.766891,1
19.776884,1
19.786877,4
19.796864,8
19.806860,11
19.816849,15
19.826843,12
19.836832,8
19.846821,5
19.856812,1
19.866804,1
19.876801,4
19.886787,8
19.896780,11
19.906773,15
19.916763,12
19.926752,8
19.936745,5
19.946735,1
19.956724,0
19.966721,4
19.976707,7
19.986696,11
19.996689,14
20.006680,12
20.016672,9
20.026665,5
20.036655,2
20.046644,0
20.056641,3
20.066631,7
20.076620,10
20.086613,14
20.096600,13
20.106592,9
20.116585,6
20.126575,2
20.136568,0
20.146561,3
20.156548,7
20.166540,10
20.176533,14
20.186520,13
20.196512,9
20.206505,6
20.216492,2
20.226488,0
20.236477,3
20.246468,6
20.256464,10
20.266453,13
20.276443,13
20.286432,10
20.296429,6
20.306416,3
20.316408,0
20.326401,2
20.336388,6
20.346380,9
20.356373,13
20.366360,14
20.376356,10
20.386349,6
20.396339,3
20.406324,0
20.416315,2
20.426308,6
20.436304,9
20.446287,13
20.456280,14
20.466276,10
20.476263,7
20.486256,3
20.496244,0
20.506241,2
20.516228,5
20.526220,9
20.536207,12
20.546200,14
20.556196,11
20.566189,7
20.576180,4
20.586164,0
20.596161,1
20.606152,5
20.616144,9
20.626131,12
20.636120,14
20.646116,11
20.656109,8
20.666096,4
20.676088,0
20.686079,1
20.696072,5
20.706064,8
20.716051,12
20.726040,15
20.736036,11
20.746023,8
20.756016,4
20.766012,1
20.775999,1
20.785992,4
20.795980,8
20.805971,11
20.815964,15
20.825956,12
20.835943,8
20.845940,5
20.855928,1
20.865919,1
20.875912,4
20.885900,8
20.895891,11
20.905884,15
20.915876,12
20.925863,8
20.935860,5
20.945848,1
20.955839,0
20.965832,4
20.975824,7
20.985811,11
20.995804,14
21.005793,12
21.015787,9
21.025780,5
21.035769,2
21.045763,0
21.055752,3
21.065744,7
21.075731,10
21.085728,14
21.095716,13
21.105707,9
21.115700,6
21.125692,2
21.135689,0
21.145672,3
21.155664,7
21.165655,10
21.175644,14
21.185640,13
21.195627,9
21.205620,6
21.215612,2
21.225599,0
21.235592,3
21.245581,6
21.255571,10
21.265564,13
21.275557,13
21.285547,10
21.295540,6
21.305532,3
21.315523,0
21.325512,2
21.335505,6
21.345495,9
21.355484,13
21.365477,14
21.375467,10
21.385460,6
21.395452,3
21.405443,0
21.415432,2
21.425425,6
21.435411,9
21.445404,13
21.455397,14
21.465387,10
21.475380,7
21.485373,3
21.495359,0
21.505356,2
21.515345,5
21.525335,9
21.535324,12
21.545317,14
21.555311,11
21.565300,7
21.575293,4
21.585279,0
21.595272,1
21.605265,5
21.615255,9
21.625244,12
21.635237,14
21.645227,11
21.655220,8
21.665213,4
21.675203,0
21.685192,1
21.695189,5
21.705175,8
21.715164,12
21.725157,15
21.735147,11
21.745144,8
21.755133,4
21.765123,1
21.775112,1
21.785105,4
21.795092,8
21.805088,11
21.815081,15
21.825068,12
21.835068,8
21.845053,5
21.855043,1
21.865036,1
21.875025,4
21.885015,8
21.895004,11
21.905001,15
21.914988,12
21.924980,8
21.934973,5
21.944963,1
21.954956,0
21.964945,4
21.974936,7
21.984928,11
21.994921,14
22.004908,12
22.014904,9
22.024897,5
22.034883,2
22.044876,0
22.054865,3
22.064856,7
22.074852,10
22.084841,14
22.094831,13
22.104824,9
22.114813,6
22.124804,2
22.134796,0
22.144789,3
22.154776,7
22.164772,10
22.174761,14
22.184752,13
22.194740,9
22.204741,6
22.214724,2
22.224716,0
22.234709,3
22.244696,6
22.254692,10
22.264681,13
22.274672,13
22.284664,10
22.294651,6
22.304647,3
22.314636,0
22.324629,2
22.334620,6
22.344608,9
22.354595,13
22.364588,14
22.374584,10
22.384571,7
22.394564,3
22.404560,0
22.414543,2
22.424540,6
22.434528,9
22.444519,13
22.454508,14
22.464504,10
22.474491,7
22.484484,3
22.494476,0
22.504467,2
22.514460,5
22.524448,9
22.534439,12
22.544428,14
22.554424,11
22.564411,7
22.574411,4
22.584396,0
22.594387,1
22.604380,5
22.614368,9
22.624359,12
22.634352,14
22.644344,11
22.654335,8
22.664324,4
22.674316,0
22.684307,1
22.694296,5
22.704288,8
22.714279,12
22.724272,15
22.734264,11
22.744255,8
22.754248,4
22.764236,1
22.774233,1
22.784216,4
22.794212,8
22.804199,11
22.814196,15
22.824184,12
22.834175,8
22.844168,5
22.854156,1
22.864151,1
22.874140,4
22.884132,8
22.894119,11
22.904116,15
22.914104,12
22.924095,8
22.934088,5
22.944080,1
22.954067,0
22.964056,4
22.974052,7
22.984043,11
22.994032,14
23.004025,12
23.014015,9
23.024008,5
23.034000,2
23.043991,0
23.053976,3
23.063972,7
23.073963,10
23.083956,14
23.093945,13
23.103935,9
23.113924,6
23.123920,2
23.133907,0
23.143904,3
23.153893,7
23.163879,10
23.173876,14
23.183865,13
23.193855,9
23.203848,6
23.213840,2
23.223831,0
23.233820,3
23.243813,6
23.253803,10
23.263796,13
23.273792,13
23.283775,10
23.293764,6
23.303761,3
23.313747,0
23.323740,2
23.333736,6
23.343719,9
23.353712,13
23.363705,14
23.373695,10
23.383688,6
23.393681,3
23.403667,0
23.413660,2
23.423656,6
23.433640,9
23.443636,13
23.453629,14
23.463619,10
23.473612,7
23.483601,3
23.493591,0
23.503580,2
23.513573,5
23.523560,9
23.533556,12
23.543549,14
23.553535,11
23.563532,7
23.573517,4
23.583511,0
23.593500,1
23.603493,5
23.613483,9
23.623476,12
23.633469,14
23.643463,11
23.653448,8
23.663441,4
23.673431,0
23.683424,1
23.693417,5
23.703403,8
23.713396,12
23.723389,15
23.733376,11
23.743368,8
23.753361,4
23.763351,1
23.773340,1
23.783333,4
23.793327,8
23.803316,11
23.813309,15
23.823296,12
23.833292,8
23.843281,5
23.853271,1
23.863264,1
23.873257,4
23.883244,8
23.893236,11
23.903229,15
23.913219,12
23.923208,8
23.933201,5
23.943192,1
23.953180,0
23.963177,4
23.973164,7
23.983156,11
23.993149,14
24.003139,12
24.013136,9
24.023121,5
24.033115,2
24.043104,0
24.053097,3
24.063087,7
24.073080,10
24.083069,14
24.093060,13
24.103052,9
24.113045,6
24.123032,2
24.133024,0
24.143011,3
24.153008,7
24.162996,10
24.172993,14
24.182980,13
24.192972,9
24.202959,6
24.212955,2
24.222944,0
24.232937,3
24.242924,6
24.252916,10
24.262907,13
24.272903,13
24.282892,10
24.292885,6
24.302872,3
24.312864,0
24.322855,2
24.332848,6
24.342840,9
24.352833,13
24.362820,14
24.372812,10
24.382805,6
24.392792,3
24.402784,0
24.412775,2
24.422768,6
24.432756,9
24.442753,13
24.452740,14
24.462732,10
24.472719,7
24.482716,3
24.492704,0
24.502695,2
24.512688,5
24.522680,9
24.532673,12
24.542660,14
24.552652,11
24.562643,7
24.572636,4
24.582624,0
24.592615,1
24.602608,5
24.612597,9
24.622587,12
24.632580,14
24.642572,11
24.652563,8
24.662556,4
24.672544,0
24.682539,1
24.692524,5
24.702520,8
24.712521,12
24.722500,15
24.732492,11
24.742483,8
24.752476,4
24.762468,1
24.772459,1
24.782452,4
24.792440,8
24.802431,11
24.812424,15
24.822412,12
24.832403,8
24.842396,5
24.852388,1
24.862375,1
24.872372,4
24.882360,8
24.892351,11
24.902340,15
24.912333,12
24.922319,8
24.932316,5
24.942308,1
24.952299,0
24.962288,4
24.972281,7
24.982271,11
24.992264,14
25.002253,12
25.012243,9
25.022236,5
25.032228,2
25.042215,0
25.052208,3
25.062201,7
25.072191,10
25.082191,14
25.092173,13
25.102167,9
25.112156,6
25.122149,2
25.132139,0
25.142128,3
25.152121,7
25.162111,10
25.172100,14
25.182093,13
25.192083,9
25.202076,6
25.212069,2
25.222059,0
25.232048,3
25.242041,6
25.252031,10
25.262024,13
25.272017,13
25.282003,10
25.291996,6
25.301989,3
25.321972,2
25.331961,6
25.341951,9
25.351944,13
25.361937,14
25.371923,10
25.381916,6
25.391912,3
25.401899,0
25.411896,2
25.421881,6
25.431871,9
25.441864,13
25.451853,14
25.461843,10
25.471836,7
25.481829,3
25.491819,0
25.501812,2
25.511801,5
25.521791,9
25.531780,12
25.541777,14
25.551767,11
25.561756,7
25.571749,4
25.581739,0
25.591732,1
25.601721,5
25.611712,9
25.621704,12
25.631693,14
25.641687,11
25.651676,8
25.661669,4
25.671659,0
25.681648,1
25.691641,5
25.701635,8
25.711624,12
25.721617,15
25.731604,11
25.741596,8
25.751589,4
25.761580,1
25.771572,1
25.781569,4
25.791552,8
25.801544,11
25.811537,15
25.821527,12
25.831520,8
25.841509,5
25.851503,1
25.861492,1
25.871485,4
25.881472,8
25.891464,11
25.901457,15
25.911448,12
25.921440,8
25.931433,5
25.941423,1
25.951412,0
25.961405,4
25.971392,7
25.981384,11
25.991377,14
26.001368,12
26.011360,9
26.021353,5
26.031343,2
26.041332,0
26.051325,3
26.061316,7
26.071304,10
26.081295,14
26.091284,13
26.101276,9
26.111273,6
26.121264,2
26.131252,0
26.141243,3
26.151243,7
26.161224,10
26.171215,14
26.181208,13
26.191196,9
26.201193,6
26.211180,2
26.221172,0
26.231163,3
26.241152,6
26.251148,10
26.261135,13
26.271128,13
26.281120,10
26.291111,6
26.301104,3
26.311096,0
26.321083,2
26.331072,6
26.341068,9
26.351061,13
26.361048,14
26.371040,10
26.381031,6
26.391024,3
26.401012,0
26.411003,2
26.420996,6
26.430988,9
26.440979,13
26.450972,14
26.460960,10
26.470951,7
26.480947,3
26.490936,0
26.500929,2
26.510916,5
26.520908,9
26.530899,12
26.540892,14
26.550880,11
26.560871,7
26.570864,4
26.580853,0
26.590843,1
26.600840,5
26.610828,9
26.620815,12
26.630812,14
26.640800,11
26.650791,8
26.660780,4
26.670773,0
26.680763,1
26.690760,5
26.700745,8
26.710739,12
26.720732,15
26.730721,11
26.740711,8
26.750704,4
26.760696,1
26.770683,1
26.780676,4
26.790668,8
26.800659,11
26.810652,15
26.820641,12
26.830631,8
26.840628,5
26.850624,1
26.860603,1
26.870600,4
26.880592,8
26.890579,11
26.900572,15
26.910561,12
26.920551,8
26.930544,5
26.940536,1
26.950523,0
26.960520,4
26.970512,7
26.980499,11
26.990492,14
27.000484,12
27.010475,9
27.020464,5
27.030453,2
27.040447,0
27.050436,3
27.060429,7
27.070419,10
27.080408,14
27.090405,13
27.100395,9
27.110384,6
27.120377,2
27.130367,0
27.140356,3
27.150349,7
27.160343,10
27.170336,14
27.180325,13
27.190311,9
27.200304,6
27.210297,2
27.220291,0
27.230280,3
27.240273,6
27.250263,10
27.260252,13
27.270245,13
27.280231,10
27.290224,6
27.300220,3
27.310207,0
27.320200,2
27.330193,6
27.340183,9
27.350172,13
27.360165,14
27.370155,10
27.380144,7
27.390137,3
27.400127,0
27.410120,2
27.420113,6
27.430099,9
27.440092,13
27.450085,14
27.460075,10
27.470064,7
27.480057,3
27.490051,0
27.500040,2
27.510033,5
27.520023,9
27.530016,12
27.540005,14
27.549995,11
27.559988,7
27.569977,4
27.579967,0
27.589964,1
27.599953,5
27.609940,9
27.619932,12
27.629925,14
27.639915,11
27.649908,8
27.659897,4
27.669888,0
27.679876,1
27.689873,5
27.699860,8
27.709852,12
27.719849,15
27.729836,11
27.739828,8
27.749821,4
27.759808,1
27.769800,1
27.779793,4
27.789783,8
27.799772,11
27.809765,15
27.819756,12
27.829748,8
27.839741,5
27.849728,1
27.859720,1
27.869713,4
27.879700,8
27.889696,11
27.899683,15
27.909676,12
27.919676,8
27.929661,5
27.939648,1
27.949640,0
27.959637,4
27.969624,7
27.979616,11
27.989603,14
27.999596,12
28.009588,9
28.019575,5
28.029568,2
28.039560,0
28.049551,3
28.059544,7
28.069532,10
28.079523,14
28.089516,13
28.099508,9
28.109499,6
28.119488,2
28.129480,0
28.139471,3
28.149464,7
28.159456,10
28.169443,14
28.179440,13
28.189428,9
28.199419,6
28.209408,2
28.219404,0
28.229397,3
28.239384,6
28.249376,10
28.259363,13
28.269360,13
28.279348,10
28.289345,6
28.299332,3
28.309324,0
28.319311,2
28.329304,6
28.339293,9
28.349287,13
28.359280,14
28.369268,10
28.379259,6
28.389252,3
28.399244,0
28.409231,2
28.419228,6
28.429216,9
28.439203,13
28.449196,14
28.459188,10
28.469179,7
28.479172,3
28.489164,0
28.499155,2
28.509144,5
28.519140,9
28.529123,12
28.539120,14
28.549112,11
28.559099,7
28.569092,4
28.579084,0
28.589071,1
28.599064,5
28.609056,9
28.619047,12
28.629040,14
28.639029,11
28.649019,8
28.659016,4
28.669001,0
28.678995,1
28.688984,5
28.698977,8
28.708971,12
28.718960,15
28.728949,11
28.738943,8
28.748932,4
28.758921,1
28.768915,1
28.778904,4
28.788900,8
28.798887,11
28.808876,15
28.818872,12
28.828863,8
28.838852,5
28.848845,1
28.858835,1
28.868824,4
28.878817,8
28.888807,11
28.898800,15
28.908792,12
28.918779,8
28.928772,5
28.938765,1
28.948755,0
28.958748,4
28.968737,7
28.978727,11
28.988724,14
28.998709,12
29.008699,9
29.018696,5
29.028685,2
29.038675,0
29.048668,3
29.058657,7
29.068651,10
29.078636,14
29.088629,13
29.098623,9
29.108612,6
29.118605,2
29.128595,0
29.138584,3
29.148577,7
29.158571,10
29.168560,14
29.178556,13
29.188540,9
29.198532,6
29.208525,2
29.218515,0
29.228504,3
29.238501,6
29.248491,10
29.258480,13
29.268476,13
29.278460,10
29.288456,6
29.298449,3
29.308439,0
29.318428,2
29.328421,6
29.338411,9
29.348400,13
29.358400,14
29.368383,10
29.378376,7
29.388365,3
29.398355,0
29.408348,2
29.418341,6
29.428328,9
29.438320,13
29.448313,14
29.458303,10
29.468292,7
29.478285,3
29.488276,0
29.498268,2
29.508261,5
29.518251,9
29.528240,12
29.538233,14
29.548223,11
29.558216,7
29.568209,4
29.578199,0
29.588188,1
29.598181,5
29.608168,9
29.618160,12
29.628153,14
29.638147,11
29.648136,8
29.658129,4
29.668116,0
29.678108,1
29.688101,5
29.698092,8
29.708080,12
29.718071,15
29.728071,11
29.738060,8
29.748049,4
29.758039,1
29.768028,1
29.778021,4
29.788012,8
29.798000,11
29.807991,15
29.817984,12
29.827976,8
29.837969,5
29.847960,1
29.857948,1
29.867939,4
29.877932,8
29.887924,11
29.897917,15
29.907907,12
29.917900,8
29.927889,5
29.937880,1
29.947872,0
29.957865,4
29.967852,7
29.977844,11
29.987831,14
29.997828,12
30.007816,9
30.017807,5
30.027800,2
30.037792,0
30.047785,3
30.057772,7
30.067764,10
30.077755,14
30.087744,13
30.097740,9
30.107727,6
30.117720,2
30.127708,0
30.137699,3
30.147696,7
30.157684,10
30.167675,14
30.177664,13
30.187656,9
30.197653,6
30.207640,2
30.217628,0
30.227623,3
30.237612,6
30.247601,10
30.257591,13
30.267588,13
30.277576,10
30.287573,6
30.297560,3
30.307552,0
30.317539,2
30.327532,6
30.337524,9
30.347515,13
30.357504,14
30.367500,10
30.377491,7
30.387480,3
30.397472,0
30.407463,2
30.417452,6
30.427452,9
30.437435,13
30.447428,14
30.457417,10
30.467407,7
30.477400,3
30.487389,0
30.497383,2
30.507376,5
30.517365,9
30.527359,12
30.537344,14
30.547340,11
30.557331,7
30.567320,4
30.577312,0
30.587303,1
30.597292,5
30.607285,9
30.617275,12
30.627268,14
30.637260,11
30.647251,8
30.657240,4
30.667233,0
30.677223,1
30.687212,5
30.697205,8
30.707195,12
30.717188,15
30.727180,11
30.737167,8
30.747160,4
30.757153,1
30.767139,1
30.777136,4
30.787125,8
30.797125,11
30.807108,15
30.817101,12
30.827087,8
30.837084,5
30.847073,1
30.857063,1
30.867052,4
30.877045,8
30.887039,11
30.897028,15
30.907024,12
30.917007,8
30.927004,5
30.936993,1
30.946987,0
30.956976,4
30.966969,7
30.976959,11
30.986948,14
30.996937,12
31.006931,9
31.016924,5
31.026913,2
31.036903,0
31.046896,3
31.056889,7
31.066879,10
31.076868,14
31.086864,13
31.096851,9
31.106844,6
31.116837,2
31.126823,0
31.136816,3
31.146809,7
31.156799,10
31.166796,14
31.176781,13
31.186771,9
31.196760,6
31.206757,2
31.216747,0
31.226740,3
31.236729,6
31.246716,10
31.256712,13
31.266701,13
31.276691,10
31.286684,6
31.296677,3
31.306664,0
31.316656,2
31.326649,6
31.336636,9
31.346632,13
31.356625,14
31.366615,10
31.376604,6
31.386597,3
31.396584,0
31.406576,2
31.416569,6
31.426559,9
31.436548,13
31.446541,14
31.456532,10
31.466520,7
31.476517,3
31.486507,0
31.496504,2
31.506489,5
31.516479,9
31.526468,12
31.536459,14
31.546452,11
31.556444,7
31.566437,4
31.576427,0
31.586420,1
31.596413,5
31.606400,9
31.616392,12
31.626379,14
31.636375,11
31.646360,8
31.656361,4
31.666344,0
31.676340,1
31.686333,5
31.696320,8
31.706312,12
31.716305,15
31.726295,11
31.736284,8
31.746277,4
31.756268,1
31.766260,1
31.776253,4
31.786240,8
31.796232,11
31.806225,15
31.816212,12
31.826204,8
31.836195,5
31.846188,1
31.856176,1
31.866177,4
31.876160,8
31.886152,11
31.896145,15
31.906132,12
31.916124,8
31.926115,5
31.936104,1
31.946100,0
31.956087,4
31.966080,7
31.976076,11
31.986063,14
31.996056,12
32.006046,9
32.016037,5
32.026028,2
32.036018,0
32.046013,3
32.056000,7
32.065990,10
32.075985,14
32.085976,13
32.095966,9
32.105961,6
32.115948,2
32.125938,0
32.135933,3
32.145924,7
32.155910,10
32.165905,14
32.175892,13
32.185883,9
32.195881,6
32.205868,2
32.215855,0
32.225853,3
32.235847,6
32.245831,10
32.255825,13
32.265816,13
32.275806,10
32.285797,6
32.295788,3
32.305775,0
32.315769,2
32.325764,6
32.335754,9
32.345745,13
32.355736,14
32.365726,10
32.375717,7
32.385708,3
32.395699,0
32.405693,2
32.415684,6
32.425671,9
32.435669,13
32.445656,14
32.455647,10
32.465641,7
32.475628,3
32.485619,0
32.495613,2
32.505600,5
32.515591,9
32.525585,12
32.535576,14
32.545567,11
32.555561,7
32.565552,4
32.575542,0
32.585529,1
32.595524,5
32.605515,9
32.615505,12
32.625496,14
32.635487,11
32.645477,8
32.655472,4
32.665459,0
32.675453,1
32.685444,5
32.695431,8
32.705425,12
32.715416,15
32.725403,11
32.735401,8
32.745388,4
32.755379,1
32.765373,1
32.775364,4
32.785355,8
32.795345,11
32.805336,15
32.815331,12
32.825321,8
32.835312,5
32.845303,1
32.855293,1
32.865284,4
32.875275,8
32.885269,11
32.895256,15
32.905247,12
32.915241,8
32.925232,5
